22.0,22.0,22.0,19.0,18.0,14.0,49.896,17.776,5.2709,0.77176,0.018632,0.006864,0.003923,0.003923,0.4869,0.10003,0.0
24.0,24.0,22.0,18.0,16.0,13.0,57.71,23.8,3.3254,0.23419,0.003903,0.003903,0.003903,0.003903,0.52091,0.14441,0.0
62.0,60.0,59.0,54.0,47.0,33.0,55.831,27.994,12.687,4.8523,1.3939,0.37325,0.041817,0.007744,0.5309,0.12855,1.0
55.0,53.0,53.0,50.0,43.0,31.0,40.467,18.446,9.1189,3.0794,0.84026,0.27243,0.007653,0.001531,0.48328,0.11479,0.0
55.0,53.0,53.0,50.0,43.0,31.0,40.467,18.446,9.1189,3.0794,0.84026,0.27243,0.007653,0.001531,0.48328,0.11479,0.0
62.0,60.0,59.0,54.0,47.0,33.0,55.831,27.994,12.687,4.8523,1.3939,0.37325,0.041817,0.007744,0.5309,0.12855,1.0
44.0,44.0,44.0,41.0,39.0,27.0,18.026,8.5707,0.41038,0.0,0.0,0.0,0.0,0.0,0.47593,0.12357,1.0
6.0,6.0,6.0,6.0,2.0,1.0,20.68,9.4978,1.2237,0.15038,0.0,0.0,0.0,0.0,0.57632,0.071071,0.0
44.0,44.0,44.0,41.0,39.0,27.0,18.026,8.5707,0.41038,0.0,0.0,0.0,0.0,0.0,0.47593,0.12357,1.0
55.0,53.0,53.0,50.0,43.0,31.0,40.467,18.446,9.1189,3.0794,0.84026,0.27243,0.007653,0.001531,0.48328,0.11479,0.0
44.0,43.0,41.0,41.0,37.0,29.0,28.356,6.9356,2.3058,0.32372,0.0,0.0,0.0,0.0,0.50283,0.12674,1.0
62.0,60.0,59.0,54.0,47.0,33.0,55.831,27.994,12.687,4.8523,1.3939,0.37325,0.041817,0.007744,0.5309,0.12855,1.0
29.0,29.0,29.0,27.0,25.0,16.0,15.448,9.1138,1.6335,0.0,0.0,0.0,0.0,0.0,0.54174,0.13958,1.0
70.0,69.0,65.0,63.0,63.0,50.0,10.56,3.1084,0.62551,0.28796,0.10398,0.004799,0.0,0.0,0.5344,0.089587,1.0
44.0,43.0,41.0,41.0,37.0,29.0,28.356,6.9356,2.3058,0.32372,0.0,0.0,0.0,0.0,0.50283,0.12674,1.0
20.0,18.0,16.0,15.0,13.0,9.0,65.114,33.125,8.7854,0.67354,0.051811,0.002933,0.000978,0.000978,0.56946,0.089936,0.0
6.0,6.0,6.0,6.0,2.0,1.0,20.68,9.4978,1.2237,0.15038,0.0,0.0,0.0,0.0,0.57632,0.071071,0.0
6.0,6.0,6.0,6.0,2.0,1.0,20.68,9.4978,1.2237,0.15038,0.0,0.0,0.0,0.0,0.57632,0.071071,0.0
22.0,21.0,18.0,15.0,13.0,10.0,66.692,23.546,6.1511,0.49637,0.0,0.0,0.0,0.0,0.50007,0.11679,1.0
25.0,25.0,24.0,23.0,22.0,19.0,17.034,9.9769,1.0672,0.48483,0.46779,0.3067,0.18898,0.13011,0.552,0.10843,0.0
44.0,44.0,44.0,41.0,39.0,27.0,18.026,8.5707,0.41038,0.0,0.0,0.0,0.0,0.0,0.47593,0.12357,1.0
29.0,29.0,29.0,27.0,25.0,16.0,15.448,9.1138,1.6335,0.0,0.0,0.0,0.0,0.0,0.54174,0.13958,1.0
105.0,95.0,81.0,66.0,46.0,32.0,123.05,70.571,37.41,19.937,14.787,6.1149,2.3457,1.0022,0.52446,0.13425,1.0
105.0,95.0,81.0,66.0,46.0,32.0,123.05,70.571,37.41,19.937,14.787,6.1149,2.3457,1.0022,0.52446,0.13425,1.0
10.0,10.0,9.0,9.0,9.0,6.0,72.939,20.285,9.7932,0.91626,0.040814,0.0,0.0,0.0,0.52893,0.10816,0.0
40.0,38.0,33.0,25.0,20.0,12.0,73.083,23.121,13.094,5.4374,3.8453,2.0288,0.51857,0.10715,0.52711,0.10513,1.0
25.0,25.0,25.0,23.0,22.0,18.0,22.48,13.95,0.43623,0.11612,0.0,0.0,0.0,0.0,0.55168,0.13966,0.0
55.0,53.0,51.0,47.0,39.0,26.0,71.337,39.43,21.118,3.9563,0.6367,0.032852,0.0,0.0,0.54077,0.11733,0.0
45.0,45.0,45.0,43.0,37.0,24.0,35.174,15.421,5.2062,1.4919,0.37143,0.017095,0.0,0.0,0.54336,0.11811,0.0
22.0,22.0,22.0,19.0,18.0,14.0,49.896,17.776,5.2709,0.77176,0.018632,0.006864,0.003923,0.003923,0.4869,0.10003,0.0
94.0,93.0,92.0,89.0,86.0,77.0,8.6108,1.9813,0.40118,0.066095,0.0,0.0,0.0,0.0,0.54128,0.12451,0.0
70.0,69.0,65.0,63.0,63.0,50.0,10.56,3.1084,0.62551,0.28796,0.10398,0.004799,0.0,0.0,0.5344,0.089587,1.0
45.0,45.0,45.0,43.0,40.0,32.0,84.358,50.977,17.294,1.9744,0.0,0.0,0.0,0.0,0.54601,0.11238,0.0
99.0,98.0,68.0,53.0,42.0,27.0,298.07,50.27,33.694,10.989,6.1244,1.749,0.35844,0.18128,0.55648,0.11742,1.0
44.0,43.0,41.0,41.0,37.0,29.0,28.356,6.9356,2.3058,0.32372,0.0,0.0,0.0,0.0,0.50283,0.12674,1.0
48.0,43.0,39.0,32.0,27.0,18.0,23.013,6.7376,2.4039,0.18923,0.011437,0.0,0.0,0.0,0.50155,0.13829,1.0
99.0,98.0,68.0,53.0,42.0,27.0,298.07,50.27,33.694,10.989,6.1244,1.749,0.35844,0.18128,0.55648,0.11742,1.0
30.0,30.0,30.0,29.0,27.0,21.0,5.1633,0.84672,0.003019,0.0,0.0,0.0,0.0,0.0,0.49825,0.12527,0.0
48.0,43.0,39.0,32.0,27.0,18.0,23.013,6.7376,2.4039,0.18923,0.011437,0.0,0.0,0.0,0.50155,0.13829,1.0
42.0,38.0,38.0,37.0,35.0,32.0,12.495,4.4265,0.58836,0.0,0.0,0.0,0.0,0.0,0.56108,0.099592,1.0
25.0,25.0,24.0,23.0,22.0,19.0,17.034,9.9769,1.0672,0.48483,0.46779,0.3067,0.18898,0.13011,0.552,0.10843,0.0
30.0,30.0,30.0,29.0,27.0,21.0,5.1633,0.84672,0.003019,0.0,0.0,0.0,0.0,0.0,0.49825,0.12527,0.0
25.0,25.0,25.0,23.0,22.0,18.0,22.48,13.95,0.43623,0.11612,0.0,0.0,0.0,0.0,0.55168,0.13966,0.0
22.0,21.0,18.0,15.0,13.0,10.0,66.692,23.546,6.1511,0.49637,0.0,0.0,0.0,0.0,0.50007,0.11679,1.0
40.0,38.0,33.0,25.0,20.0,12.0,73.083,23.121,13.094,5.4374,3.8453,2.0288,0.51857,0.10715,0.52711,0.10513,1.0
94.0,93.0,92.0,89.0,86.0,77.0,8.6108,1.9813,0.40118,0.066095,0.0,0.0,0.0,0.0,0.54128,0.12451,0.0
48.0,43.0,39.0,32.0,27.0,18.0,23.013,6.7376,2.4039,0.18923,0.011437,0.0,0.0,0.0,0.50155,0.13829,1.0
16.0,16.0,16.0,13.0,10.0,8.0,45.546,22.493,4.829,1.6722,0.43302,0.26387,0.029964,0.010632,0.51083,0.12372,1.0
25.0,25.0,25.0,23.0,22.0,18.0,22.48,13.95,0.43623,0.11612,0.0,0.0,0.0,0.0,0.55168,0.13966,0.0
12.0,12.0,11.0,11.0,10.0,8.0,31.304,2.021,0.31061,0.008228,0.0,0.0,0.0,0.0,0.56679,0.096681,0.0
19.0,17.0,15.0,12.0,12.0,7.0,179.7,34.678,13.019,1.0452,0.023003,0.005001,0.002,0.0,0.47042,0.094014,1.0
46.0,41.0,39.0,32.0,23.0,15.0,115.53,21.293,9.6657,2.2767,0.3294,0.186,0.11846,0.071698,0.54047,0.10495,1.0
5.0,5.0,5.0,5.0,4.0,2.0,69.552,31.665,13.057,0.73431,0.0,0.0,0.0,0.0,0.50226,0.10902,0.0
7.0,7.0,7.0,7.0,7.0,4.0,37.239,17.444,2.8885,0.078299,0.034375,0.008594,0.005729,0.003819,0.49992,0.14896,0.0
55.0,53.0,51.0,47.0,39.0,26.0,71.337,39.43,21.118,3.9563,0.6367,0.032852,0.0,0.0,0.54077,0.11733,0.0
25.0,25.0,25.0,23.0,22.0,18.0,22.48,13.95,0.43623,0.11612,0.0,0.0,0.0,0.0,0.55168,0.13966,0.0
99.0,98.0,68.0,53.0,42.0,27.0,298.07,50.27,33.694,10.989,6.1244,1.749,0.35844,0.18128,0.55648,0.11742,1.0
5.0,5.0,5.0,5.0,4.0,2.0,69.552,31.665,13.057,0.73431,0.0,0.0,0.0,0.0,0.50226,0.10902,0.0
49.0,48.0,45.0,40.0,37.0,26.0,26.348,13.667,2.5564,0.19247,0.0,0.0,0.0,0.0,0.55776,0.11331,1.0
70.0,69.0,65.0,63.0,63.0,50.0,10.56,3.1084,0.62551,0.28796,0.10398,0.004799,0.0,0.0,0.5344,0.089587,1.0
44.0,43.0,42.0,41.0,39.0,27.0,173.76,38.296,21.431,8.548,3.1353,1.043,0.17138,0.080959,0.52022,0.1146,1.0
22.0,22.0,22.0,19.0,18.0,14.0,49.896,17.776,5.2709,0.77176,0.018632,0.006864,0.003923,0.003923,0.4869,0.10003,0.0
6.0,6.0,6.0,6.0,2.0,1.0,20.68,9.4978,1.2237,0.15038,0.0,0.0,0.0,0.0,0.57632,0.071071,0.0
7.0,7.0,7.0,7.0,6.0,4.0,172.83,76.29,17.212,1.2017,0.012138,0.0,0.0,0.0,0.5122,0.14263,1.0
64.0,62.0,60.0,58.0,51.0,43.0,42.14,20.794,7.618,0.69538,0.13751,0.0,0.0,0.0,0.48581,0.087509,1.0
13.0,12.0,11.0,9.0,8.0,6.0,2.1267,0.33774,0.0,0.0,0.0,0.0,0.0,0.0,0.49313,0.13571,0.0
101.0,87.0,73.0,60.0,42.0,24.0,145.8,15.769,6.6479,0.37264,0.004039,0.0,0.0,0.0,0.56897,0.064631,1.0
37.0,34.0,31.0,30.0,28.0,24.0,8.8182,3.1615,1.9009,1.5247,1.2929,0.16583,0.0,0.0,0.53822,0.09827,1.0
94.0,93.0,92.0,89.0,86.0,77.0,8.6108,1.9813,0.40118,0.066095,0.0,0.0,0.0,0.0,0.54128,0.12451,0.0
10.0,10.0,9.0,9.0,9.0,6.0,72.939,20.285,9.7932,0.91626,0.040814,0.0,0.0,0.0,0.52893,0.10816,0.0
4.0,4.0,4.0,4.0,4.0,4.0,78.557,20.402,5.1512,0.34631,0.034114,0.0,0.0,0.0,0.50681,0.11475,0.0
24.0,24.0,23.0,21.0,19.0,15.0,96.599,36.501,10.879,1.4075,0.005772,0.003848,0.0,0.0,0.52749,0.10583,0.0
42.0,42.0,37.0,36.0,35.0,26.0,79.513,58.725,2.7913,0.42008,0.21696,0.16772,0.14464,0.0,0.55858,0.16618,1.0
45.0,45.0,45.0,43.0,37.0,24.0,35.174,15.421,5.2062,1.4919,0.37143,0.017095,0.0,0.0,0.54336,0.11811,0.0
9.0,9.0,9.0,9.0,8.0,5.0,196.17,36.53,18.431,3.606,0.05935,0.0,0.0,0.0,0.5215,0.10847,0.0
44.0,43.0,42.0,41.0,39.0,27.0,173.76,38.296,21.431,8.548,3.1353,1.043,0.17138,0.080959,0.52022,0.1146,1.0
22.0,22.0,22.0,19.0,18.0,14.0,49.896,17.776,5.2709,0.77176,0.018632,0.006864,0.003923,0.003923,0.4869,0.10003,0.0
42.0,38.0,38.0,37.0,35.0,32.0,12.495,4.4265,0.58836,0.0,0.0,0.0,0.0,0.0,0.56108,0.099592,1.0
25.0,24.0,24.0,22.0,21.0,15.0,51.246,23.521,5.9458,0.52371,0.0,0.0,0.0,0.0,0.51769,0.14919,0.0
30.0,30.0,30.0,29.0,27.0,21.0,5.1633,0.84672,0.003019,0.0,0.0,0.0,0.0,0.0,0.49825,0.12527,0.0
4.0,4.0,4.0,4.0,4.0,4.0,78.557,20.402,5.1512,0.34631,0.034114,0.0,0.0,0.0,0.50681,0.11475,0.0
17.0,16.0,16.0,16.0,12.0,10.0,54.483,14.8,3.2036,0.15594,0.01462,0.003899,0.0,0.0,0.52277,0.081869,0.0
66.0,62.0,61.0,61.0,57.0,44.0,42.595,20.475,2.7838,1.1314,0.49804,0.2152,0.0,0.0,0.52795,0.086082,0.0
42.0,38.0,38.0,37.0,35.0,32.0,12.495,4.4265,0.58836,0.0,0.0,0.0,0.0,0.0,0.56108,0.099592,1.0
56.0,55.0,54.0,51.0,46.0,31.0,41.154,19.14,8.6646,0.81969,0.004631,0.0,0.0,0.0,0.48714,0.12041,1.0
20.0,18.0,16.0,15.0,13.0,9.0,65.114,33.125,8.7854,0.67354,0.051811,0.002933,0.000978,0.000978,0.56946,0.089936,0.0
94.0,93.0,92.0,89.0,86.0,77.0,8.6108,1.9813,0.40118,0.066095,0.0,0.0,0.0,0.0,0.54128,0.12451,0.0
55.0,53.0,53.0,50.0,43.0,31.0,40.467,18.446,9.1189,3.0794,0.84026,0.27243,0.007653,0.001531,0.48328,0.11479,0.0
24.0,24.0,23.0,21.0,19.0,15.0,96.599,36.501,10.879,1.4075,0.005772,0.003848,0.0,0.0,0.52749,0.10583,0.0
56.0,55.0,55.0,51.0,47.0,36.0,36.371,10.641,2.5631,0.15848,0.016762,0.0,0.0,0.0,0.52509,0.057906,1.0
33.0,33.0,33.0,32.0,32.0,31.0,4.6453,0.23359,0.003115,0.0,0.0,0.0,0.0,0.0,0.51536,0.099665,1.0
34.0,34.0,28.0,22.0,17.0,9.0,80.103,35.595,7.5158,0.92997,0.25993,0.21661,0.18484,0.003851,0.5157,0.095308,1.0
49.0,48.0,45.0,40.0,37.0,26.0,26.348,13.667,2.5564,0.19247,0.0,0.0,0.0,0.0,0.55776,0.11331,1.0
55.0,53.0,51.0,47.0,39.0,26.0,71.337,39.43,21.118,3.9563,0.6367,0.032852,0.0,0.0,0.54077,0.11733,0.0
4.0,4.0,4.0,4.0,4.0,4.0,78.557,20.402,5.1512,0.34631,0.034114,0.0,0.0,0.0,0.50681,0.11475,0.0
5.0,5.0,5.0,5.0,4.0,2.0,69.552,31.665,13.057,0.73431,0.0,0.0,0.0,0.0,0.50226,0.10902,0.0
72.0,68.0,67.0,62.0,54.0,38.0,25.339,10.491,3.395,0.32121,0.061476,0.001537,0.0,0.0,0.49034,0.11527,1.0
24.0,24.0,22.0,18.0,16.0,13.0,57.71,23.8,3.3254,0.23419,0.003903,0.003903,0.003903,0.003903,0.52091,0.14441,0.0
35.0,34.0,33.0,31.0,23.0,14.0,64.555,32.798,12.323,4.697,2.1011,1.0735,0.32498,0.12687,0.56896,0.089784,0.0
16.0,16.0,16.0,13.0,10.0,8.0,45.546,22.493,4.829,1.6722,0.43302,0.26387,0.029964,0.010632,0.51083,0.12372,1.0
49.0,48.0,48.0,47.0,45.0,39.0,30.842,13.342,3.7188,0.39592,0.036135,0.0,0.0,0.0,0.51496,0.10212,0.0
58.0,57.0,56.0,56.0,54.0,43.0,52.804,31.474,5.6614,0.31165,0.017227,0.0,0.0,0.0,0.49127,0.076738,1.0
94.0,93.0,92.0,89.0,86.0,77.0,8.6108,1.9813,0.40118,0.066095,0.0,0.0,0.0,0.0,0.54128,0.12451,0.0
66.0,65.0,65.0,64.0,63.0,53.0,11.103,4.009,0.39716,0.12927,0.076318,0.052955,0.035823,0.01869,0.5432,0.096565,1.0
42.0,38.0,38.0,37.0,35.0,32.0,12.495,4.4265,0.58836,0.0,0.0,0.0,0.0,0.0,0.56108,0.099592,1.0
37.0,37.0,37.0,34.0,31.0,23.0,61.358,35.166,8.114,1.2049,0.1785,0.010772,0.0,0.0,0.47819,0.11079,0.0
12.0,12.0,11.0,11.0,10.0,8.0,31.304,2.021,0.31061,0.008228,0.0,0.0,0.0,0.0,0.56679,0.096681,0.0
55.0,53.0,53.0,50.0,43.0,31.0,40.467,18.446,9.1189,3.0794,0.84026,0.27243,0.007653,0.001531,0.48328,0.11479,0.0
17.0,16.0,16.0,16.0,12.0,10.0,54.483,14.8,3.2036,0.15594,0.01462,0.003899,0.0,0.0,0.52277,0.081869,0.0
39.0,39.0,36.0,35.0,30.0,27.0,66.29,18.41,9.2906,1.6406,0.11862,0.012324,0.010783,0.003081,0.50265,0.09551,0.0
19.0,19.0,15.0,15.0,15.0,11.0,3.3322,0.30293,0.054801,0.0,0.0,0.0,0.0,0.0,0.51971,0.11874,1.0
35.0,34.0,33.0,31.0,23.0,14.0,64.555,32.798,12.323,4.697,2.1011,1.0735,0.32498,0.12687,0.56896,0.089784,0.0
101.0,87.0,73.0,60.0,42.0,24.0,145.8,15.769,6.6479,0.37264,0.004039,0.0,0.0,0.0,0.56897,0.064631,1.0
11.0,10.0,10.0,6.0,5.0,5.0,104.73,31.382,7.4751,0.37396,0.029167,0.0,0.0,0.0,0.56395,0.12604,1.0
17.0,17.0,17.0,17.0,17.0,10.0,22.691,6.9184,1.1655,0.062406,0.013441,0.005761,0.005761,0.0048,0.49948,0.097929,0.0
103.0,89.0,83.0,71.0,60.0,38.0,11.025,3.7623,0.015592,0.010914,0.003118,0.003118,0.001559,0.001559,0.48857,0.13409,1.0
52.0,51.0,51.0,50.0,48.0,34.0,22.952,10.029,4.4235,0.51314,0.054096,0.023184,0.0,0.0,0.49706,0.10046,0.0
95.0,83.0,81.0,73.0,62.0,42.0,40.187,17.35,10.184,3.3187,1.3259,0.41155,0.034038,0.004642,0.47864,0.092831,1.0
42.0,42.0,37.0,36.0,35.0,26.0,79.513,58.725,2.7913,0.42008,0.21696,0.16772,0.14464,0.0,0.55858,0.16618,1.0
49.0,48.0,48.0,47.0,45.0,39.0,30.842,13.342,3.7188,0.39592,0.036135,0.0,0.0,0.0,0.51496,0.10212,0.0
53.0,52.0,52.0,52.0,51.0,39.0,75.983,39.167,15.955,1.2878,0.093432,0.0,0.0,0.0,0.55414,0.11835,0.0
18.0,18.0,18.0,17.0,15.0,9.0,72.631,25.142,10.054,1.8246,0.26608,0.019519,0.0,0.0,0.55331,0.093488,1.0
94.0,93.0,92.0,89.0,86.0,77.0,8.6108,1.9813,0.40118,0.066095,0.0,0.0,0.0,0.0,0.54128,0.12451,0.0
44.0,44.0,44.0,41.0,39.0,27.0,18.026,8.5707,0.41038,0.0,0.0,0.0,0.0,0.0,0.47593,0.12357,1.0
39.0,39.0,36.0,35.0,30.0,27.0,66.29,18.41,9.2906,1.6406,0.11862,0.012324,0.010783,0.003081,0.50265,0.09551,0.0
64.0,64.0,63.0,58.0,55.0,40.0,19.673,6.0649,0.90734,0.080105,0.0,0.0,0.0,0.0,0.55118,0.098591,0.0
10.0,10.0,10.0,8.0,7.0,4.0,67.107,17.442,4.8906,0.28786,0.004012,0.0,0.0,0.0,0.56373,0.079236,1.0
22.0,19.0,19.0,15.0,12.0,9.0,70.192,24.971,4.4037,0.71367,0.39467,0.20756,0.089976,0.039876,0.51867,0.098155,1.0
47.0,39.0,33.0,23.0,17.0,10.0,80.308,33.759,19.625,16.094,12.541,9.183,5.2284,3.0868,0.48357,0.098941,1.0
15.0,15.0,14.0,14.0,11.0,9.0,120.04,55.141,9.1763,1.021,0.007691,0.004807,0.004807,0.003845,0.51462,0.085562,0.0
42.0,41.0,40.0,37.0,34.0,22.0,29.99,11.839,1.1124,0.0,0.0,0.0,0.0,0.0,0.51187,0.13984,1.0
35.0,35.0,34.0,30.0,27.0,21.0,20.224,10.672,0.93714,0.083337,0.0,0.0,0.0,0.0,0.52851,0.10063,1.0
43.0,42.0,42.0,39.0,37.0,27.0,39.211,18.276,3.9392,0.5842,0.018209,0.009104,0.00607,0.004552,0.47098,0.12139,0.0
35.0,35.0,34.0,30.0,27.0,21.0,20.224,10.672,0.93714,0.083337,0.0,0.0,0.0,0.0,0.52851,0.10063,1.0
107.0,98.0,77.0,63.0,47.0,28.0,199.43,44.821,25.535,7.709,0.24247,0.011447,0.003122,0.002081,0.49131,0.1384,1.0
30.0,30.0,30.0,29.0,27.0,21.0,5.1633,0.84672,0.003019,0.0,0.0,0.0,0.0,0.0,0.49825,0.12527,0.0
60.0,58.0,56.0,54.0,49.0,37.0,17.134,7.8793,3.4867,0.12656,0.003087,0.0,0.0,0.0,0.53461,0.086434,1.0
19.0,19.0,18.0,15.0,12.0,7.0,39.835,6.0675,1.3712,0.18684,0.025302,0.003893,0.003893,0.003893,0.55641,0.11191,1.0
20.0,18.0,16.0,15.0,13.0,9.0,65.114,33.125,8.7854,0.67354,0.051811,0.002933,0.000978,0.000978,0.56946,0.089936,0.0
62.0,60.0,59.0,54.0,47.0,33.0,55.831,27.994,12.687,4.8523,1.3939,0.37325,0.041817,0.007744,0.5309,0.12855,1.0
13.0,13.0,13.0,12.0,12.0,11.0,65.162,25.773,3.7093,0.32287,0.002063,0.0,0.0,0.0,0.5543,0.096963,1.0
22.0,21.0,18.0,15.0,13.0,10.0,66.692,23.546,6.1511,0.49637,0.0,0.0,0.0,0.0,0.50007,0.11679,1.0
18.0,18.0,18.0,17.0,15.0,9.0,72.631,25.142,10.054,1.8246,0.26608,0.019519,0.0,0.0,0.55331,0.093488,1.0
29.0,29.0,29.0,27.0,25.0,16.0,15.448,9.1138,1.6335,0.0,0.0,0.0,0.0,0.0,0.54174,0.13958,1.0
16.0,15.0,15.0,14.0,12.0,9.0,1.5856,0.064843,0.004632,0.0,0.0,0.0,0.0,0.0,0.49252,0.12505,0.0
12.0,11.0,11.0,10.0,9.0,8.0,87.874,15.997,6.4563,1.2402,0.007041,0.001006,0.0,0.0,0.52372,0.11466,1.0
114.0,110.0,93.0,76.0,51.0,27.0,189.37,27.807,13.991,0.89107,0.008232,0.0,0.0,0.0,0.57705,0.13171,1.0
33.0,33.0,33.0,32.0,32.0,31.0,4.6453,0.23359,0.003115,0.0,0.0,0.0,0.0,0.0,0.51536,0.099665,1.0
19.0,19.0,18.0,15.0,12.0,7.0,39.835,6.0675,1.3712,0.18684,0.025302,0.003893,0.003893,0.003893,0.55641,0.11191,1.0
19.0,18.0,17.0,14.0,13.0,8.0,47.0,28.29,12.426,1.6005,0.086458,0.0,0.0,0.0,0.53251,0.086458,0.0
43.0,42.0,42.0,39.0,37.0,27.0,39.211,18.276,3.9392,0.5842,0.018209,0.009104,0.00607,0.004552,0.47098,0.12139,0.0
7.0,7.0,7.0,7.0,6.0,4.0,172.83,76.29,17.212,1.2017,0.012138,0.0,0.0,0.0,0.5122,0.14263,1.0
7.0,7.0,7.0,7.0,6.0,4.0,172.83,76.29,17.212,1.2017,0.012138,0.0,0.0,0.0,0.5122,0.14263,1.0
11.0,11.0,11.0,11.0,10.0,9.0,78.775,45.688,17.219,0.51234,0.008165,0.0,0.0,0.0,0.5402,0.082669,0.0
9.0,9.0,8.0,7.0,7.0,4.0,145.89,17.009,7.4002,0.95429,0.001045,0.0,0.0,0.0,0.53223,0.093025,1.0
35.0,35.0,34.0,30.0,27.0,21.0,20.224,10.672,0.93714,0.083337,0.0,0.0,0.0,0.0,0.52851,0.10063,1.0
4.0,4.0,4.0,4.0,4.0,4.0,78.557,20.402,5.1512,0.34631,0.034114,0.0,0.0,0.0,0.50681,0.11475,0.0
87.0,82.0,80.0,77.0,72.0,46.0,30.018,6.742,2.1931,0.26175,0.0,0.0,0.0,0.0,0.51677,0.10067,0.0
35.0,34.0,33.0,31.0,23.0,14.0,64.555,32.798,12.323,4.697,2.1011,1.0735,0.32498,0.12687,0.56896,0.089784,0.0
18.0,18.0,18.0,17.0,15.0,9.0,72.631,25.142,10.054,1.8246,0.26608,0.019519,0.0,0.0,0.55331,0.093488,1.0
43.0,43.0,42.0,40.0,37.0,30.0,11.867,2.8053,0.63162,0.0,0.0,0.0,0.0,0.0,0.53157,0.12016,0.0
63.0,62.0,62.0,58.0,53.0,42.0,42.29,19.897,10.561,2.7309,0.40339,0.085245,0.0,0.0,0.469,0.097422,1.0
22.0,22.0,22.0,19.0,18.0,14.0,49.896,17.776,5.2709,0.77176,0.018632,0.006864,0.003923,0.003923,0.4869,0.10003,0.0
58.0,57.0,56.0,56.0,54.0,43.0,52.804,31.474,5.6614,0.31165,0.017227,0.0,0.0,0.0,0.49127,0.076738,1.0
47.0,45.0,41.0,39.0,37.0,30.0,88.803,49.014,25.012,6.6077,1.1779,0.074593,0.001554,0.0,0.53816,0.11344,0.0
16.0,15.0,15.0,14.0,12.0,9.0,1.5856,0.064843,0.004632,0.0,0.0,0.0,0.0,0.0,0.49252,0.12505,0.0
101.0,87.0,73.0,60.0,42.0,24.0,145.8,15.769,6.6479,0.37264,0.004039,0.0,0.0,0.0,0.56897,0.064631,1.0
62.0,61.0,61.0,61.0,61.0,55.0,16.975,10.315,1.2793,0.045961,0.0,0.0,0.0,0.0,0.5354,0.09039,1.0
45.0,45.0,45.0,43.0,40.0,32.0,84.358,50.977,17.294,1.9744,0.0,0.0,0.0,0.0,0.54601,0.11238,0.0
42.0,38.0,38.0,37.0,35.0,32.0,12.495,4.4265,0.58836,0.0,0.0,0.0,0.0,0.0,0.56108,0.099592,1.0
48.0,43.0,39.0,32.0,27.0,18.0,23.013,6.7376,2.4039,0.18923,0.011437,0.0,0.0,0.0,0.50155,0.13829,1.0
16.0,15.0,14.0,13.0,11.0,9.0,46.833,21.636,3.0,0.50677,0.12496,0.046611,0.000992,0.000992,0.57876,0.10116,0.0
44.0,44.0,44.0,41.0,39.0,27.0,18.026,8.5707,0.41038,0.0,0.0,0.0,0.0,0.0,0.47593,0.12357,1.0
64.0,62.0,60.0,58.0,51.0,43.0,42.14,20.794,7.618,0.69538,0.13751,0.0,0.0,0.0,0.48581,0.087509,1.0
60.0,56.0,46.0,37.0,29.0,19.0,247.8,55.344,32.2,11.185,3.6424,1.8228,1.1324,0.31387,0.48911,0.077165,1.0
17.0,17.0,17.0,17.0,17.0,10.0,22.691,6.9184,1.1655,0.062406,0.013441,0.005761,0.005761,0.0048,0.49948,0.097929,0.0
67.0,66.0,66.0,64.0,61.0,55.0,51.07,25.921,15.033,4.4378,0.16542,0.003181,0.001591,0.0,0.49841,0.082712,1.0
55.0,53.0,53.0,50.0,43.0,31.0,40.467,18.446,9.1189,3.0794,0.84026,0.27243,0.007653,0.001531,0.48328,0.11479,0.0
11.0,11.0,10.0,9.0,8.0,5.0,146.11,54.693,40.272,25.905,16.272,8.4512,1.9179,0.61001,0.47874,0.085831,1.0
14.0,14.0,14.0,14.0,12.0,9.0,125.73,48.659,16.775,1.6949,0.00595,0.00595,0.00595,0.00595,0.55084,0.11107,0.0
53.0,52.0,52.0,52.0,51.0,39.0,75.983,39.167,15.955,1.2878,0.093432,0.0,0.0,0.0,0.55414,0.11835,0.0
46.0,41.0,39.0,32.0,23.0,15.0,115.53,21.293,9.6657,2.2767,0.3294,0.186,0.11846,0.071698,0.54047,0.10495,1.0
76.0,76.0,74.0,69.0,61.0,41.0,56.753,24.996,10.184,2.2165,0.18379,0.03613,0.0,0.0,0.56904,0.12567,0.0
56.0,55.0,46.0,41.0,37.0,28.0,6.9608,2.7473,1.5441,0.63141,0.20181,0.16053,0.13301,0.11772,0.52287,0.10243,1.0
47.0,47.0,45.0,42.0,39.0,27.0,12.529,4.0438,0.30954,0.021243,0.0,0.0,0.0,0.0,0.53736,0.12139,1.0
56.0,55.0,46.0,41.0,37.0,28.0,6.9608,2.7473,1.5441,0.63141,0.20181,0.16053,0.13301,0.11772,0.52287,0.10243,1.0
37.0,36.0,36.0,36.0,34.0,25.0,37.667,16.675,4.589,1.1196,0.11385,0.0,0.0,0.0,0.55009,0.11385,0.0
49.0,48.0,45.0,40.0,37.0,26.0,26.348,13.667,2.5564,0.19247,0.0,0.0,0.0,0.0,0.55776,0.11331,1.0
52.0,48.0,46.0,41.0,36.0,29.0,6.9221,3.1888,1.5026,1.0391,0.86642,0.0,0.0,0.0,0.5391,0.10577,1.0
55.0,53.0,51.0,46.0,43.0,34.0,23.318,3.723,1.8141,0.031116,0.0,0.0,0.0,0.0,0.5396,0.10891,1.0
55.0,53.0,51.0,47.0,39.0,26.0,71.337,39.43,21.118,3.9563,0.6367,0.032852,0.0,0.0,0.54077,0.11733,0.0
29.0,29.0,29.0,27.0,25.0,16.0,15.448,9.1138,1.6335,0.0,0.0,0.0,0.0,0.0,0.54174,0.13958,1.0
64.0,62.0,60.0,58.0,51.0,43.0,42.14,20.794,7.618,0.69538,0.13751,0.0,0.0,0.0,0.48581,0.087509,1.0
16.0,16.0,16.0,13.0,10.0,8.0,45.546,22.493,4.829,1.6722,0.43302,0.26387,0.029964,0.010632,0.51083,0.12372,1.0
19.0,18.0,12.0,10.0,10.0,7.0,142.26,22.517,10.064,1.8303,0.45706,0.21828,0.14347,0.10658,0.55503,0.1117,1.0
46.0,41.0,39.0,32.0,23.0,15.0,115.53,21.293,9.6657,2.2767,0.3294,0.186,0.11846,0.071698,0.54047,0.10495,1.0
13.0,13.0,13.0,12.0,12.0,8.0,71.507,32.944,6.3833,0.58682,0.013579,0.00388,0.00388,0.00388,0.4881,0.10669,0.0
107.0,97.0,89.0,73.0,61.0,39.0,46.898,26.625,11.291,8.1199,5.2583,3.759,2.1698,1.3302,0.51187,0.097517,1.0
70.0,69.0,65.0,63.0,63.0,50.0,10.56,3.1084,0.62551,0.28796,0.10398,0.004799,0.0,0.0,0.5344,0.089587,1.0
76.0,74.0,72.0,72.0,66.0,42.0,23.312,7.9436,2.0676,0.2737,0.1392,0.059432,0.0,0.0,0.53335,0.092277,1.0
14.0,13.0,13.0,12.0,10.0,7.0,55.86,16.089,3.26,0.14694,0.0,0.0,0.0,0.0,0.52337,0.091475,0.0
11.0,11.0,10.0,9.0,8.0,5.0,146.11,54.693,40.272,25.905,16.272,8.4512,1.9179,0.61001,0.47874,0.085831,1.0
30.0,30.0,30.0,28.0,24.0,17.0,12.644,2.6518,0.19517,0.055763,0.0,0.0,0.0,0.0,0.52429,0.10068,0.0
10.0,10.0,10.0,10.0,9.0,7.0,132.6,62.74,26.938,5.0861,0.64419,0.098006,0.0,0.0,0.48391,0.11332,0.0
42.0,42.0,41.0,40.0,39.0,32.0,14.581,5.6382,0.73657,0.004652,0.0,0.0,0.0,0.0,0.49626,0.10544,0.0
15.0,15.0,14.0,14.0,11.0,9.0,120.04,55.141,9.1763,1.021,0.007691,0.004807,0.004807,0.003845,0.51462,0.085562,0.0
39.0,39.0,36.0,35.0,30.0,27.0,66.29,18.41,9.2906,1.6406,0.11862,0.012324,0.010783,0.003081,0.50265,0.09551,0.0
101.0,87.0,73.0,60.0,42.0,24.0,145.8,15.769,6.6479,0.37264,0.004039,0.0,0.0,0.0,0.56897,0.064631,1.0
6.0,6.0,6.0,6.0,2.0,1.0,20.68,9.4978,1.2237,0.15038,0.0,0.0,0.0,0.0,0.57632,0.071071,0.0
42.0,38.0,38.0,37.0,35.0,32.0,12.495,4.4265,0.58836,0.0,0.0,0.0,0.0,0.0,0.56108,0.099592,1.0
17.0,17.0,14.0,14.0,10.0,9.0,40.097,22.947,4.9273,0.25917,0.014514,0.0,0.0,0.0,0.5379,0.094338,0.0
2.0,2.0,2.0,2.0,2.0,1.0,47.93,6.5876,1.4706,0.19856,0.002068,0.0,0.0,0.0,0.51919,0.11479,1.0
49.0,48.0,45.0,40.0,37.0,26.0,26.348,13.667,2.5564,0.19247,0.0,0.0,0.0,0.0,0.55776,0.11331,1.0
17.0,17.0,17.0,17.0,17.0,10.0,22.691,6.9184,1.1655,0.062406,0.013441,0.005761,0.005761,0.0048,0.49948,0.097929,0.0
37.0,36.0,35.0,34.0,32.0,23.0,14.909,6.0253,0.47182,0.056497,0.0,0.0,0.0,0.0,0.50293,0.11605,0.0
60.0,55.0,48.0,35.0,24.0,17.0,65.725,30.541,8.4427,0.196,0.012511,0.0,0.0,0.0,0.51664,0.094873,1.0
17.0,16.0,16.0,16.0,12.0,10.0,54.483,14.8,3.2036,0.15594,0.01462,0.003899,0.0,0.0,0.52277,0.081869,0.0
49.0,48.0,48.0,47.0,45.0,39.0,30.842,13.342,3.7188,0.39592,0.036135,0.0,0.0,0.0,0.51496,0.10212,0.0
66.0,62.0,61.0,61.0,57.0,44.0,42.595,20.475,2.7838,1.1314,0.49804,0.2152,0.0,0.0,0.52795,0.086082,0.0
34.0,34.0,28.0,22.0,17.0,9.0,80.103,35.595,7.5158,0.92997,0.25993,0.21661,0.18484,0.003851,0.5157,0.095308,1.0
51.0,50.0,49.0,49.0,47.0,32.0,13.388,3.0296,0.64097,0.11221,0.0,0.0,0.0,0.0,0.49722,0.11221,0.0
47.0,45.0,45.0,42.0,36.0,26.0,28.505,7.6755,1.5726,0.081556,0.0,0.0,0.0,0.0,0.51251,0.13541,1.0
47.0,46.0,46.0,44.0,43.0,33.0,46.581,22.864,4.0167,0.56476,0.12842,0.075817,0.060344,0.05106,0.51718,0.095931,0.0
11.0,11.0,11.0,11.0,10.0,9.0,78.775,45.688,17.219,0.51234,0.008165,0.0,0.0,0.0,0.5402,0.082669,0.0
19.0,19.0,18.0,16.0,12.0,11.0,32.665,13.683,4.3258,0.41333,0.10749,0.04104,0.003909,0.003909,0.50517,0.10455,0.0
38.0,38.0,38.0,37.0,36.0,25.0,20.354,3.2626,0.8577,0.0,0.0,0.0,0.0,0.0,0.53743,0.12384,0.0
47.0,46.0,46.0,44.0,43.0,33.0,46.581,22.864,4.0167,0.56476,0.12842,0.075817,0.060344,0.05106,0.51718,0.095931,0.0
48.0,43.0,39.0,32.0,27.0,18.0,23.013,6.7376,2.4039,0.18923,0.011437,0.0,0.0,0.0,0.50155,0.13829,1.0
59.0,58.0,56.0,56.0,54.0,44.0,25.765,8.6202,1.0975,0.099913,0.081468,0.041503,0.03228,0.03228,0.48499,0.13681,1.0
72.0,68.0,67.0,62.0,54.0,38.0,25.339,10.491,3.395,0.32121,0.061476,0.001537,0.0,0.0,0.49034,0.11527,1.0
89.0,82.0,76.0,72.0,56.0,37.0,54.291,24.805,15.273,6.1527,2.5238,0.87738,0.14283,0.059643,0.51184,0.11301,1.0
28.0,27.0,27.0,24.0,22.0,19.0,1.0755,0.004577,0.0,0.0,0.0,0.0,0.0,0.0,0.52535,0.10984,1.0
70.0,69.0,65.0,63.0,63.0,50.0,10.56,3.1084,0.62551,0.28796,0.10398,0.004799,0.0,0.0,0.5344,0.089587,1.0
43.0,43.0,43.0,41.0,39.0,22.0,47.749,26.632,4.384,0.43621,0.0,0.0,0.0,0.0,0.5084,0.11768,0.0
30.0,29.0,23.0,19.0,14.0,7.0,180.59,25.138,10.725,0.52346,0.0,0.0,0.0,0.0,0.53724,0.10966,1.0
13.0,12.0,11.0,9.0,8.0,6.0,2.1267,0.33774,0.0,0.0,0.0,0.0,0.0,0.0,0.49313,0.13571,0.0
43.0,43.0,43.0,41.0,39.0,22.0,47.749,26.632,4.384,0.43621,0.0,0.0,0.0,0.0,0.5084,0.11768,0.0
9.0,9.0,8.0,7.0,7.0,4.0,145.89,17.009,7.4002,0.95429,0.001045,0.0,0.0,0.0,0.53223,0.093025,1.0
35.0,34.0,33.0,31.0,23.0,14.0,64.555,32.798,12.323,4.697,2.1011,1.0735,0.32498,0.12687,0.56896,0.089784,0.0
3.0,3.0,3.0,3.0,3.0,3.0,99.234,8.686,2.0468,0.027372,0.0,0.0,0.0,0.0,0.50385,0.12773,0.0
11.0,10.0,10.0,6.0,5.0,5.0,104.73,31.382,7.4751,0.37396,0.029167,0.0,0.0,0.0,0.56395,0.12604,1.0
41.0,39.0,35.0,26.0,21.0,9.0,71.477,14.144,3.0249,0.59936,0.2205,0.15134,0.11626,0.075171,0.53095,0.11125,1.0
49.0,45.0,43.0,42.0,38.0,34.0,128.1,81.061,47.88,11.475,1.443,0.13583,0.011186,0.001598,0.5165,0.099073,1.0
35.0,35.0,34.0,30.0,27.0,21.0,20.224,10.672,0.93714,0.083337,0.0,0.0,0.0,0.0,0.52851,0.10063,1.0
11.0,11.0,10.0,9.0,8.0,7.0,44.44,7.9455,1.2357,0.087179,0.001014,0.0,0.0,0.0,0.50747,0.085152,0.0
37.0,34.0,31.0,30.0,28.0,24.0,8.8182,3.1615,1.9009,1.5247,1.2929,0.16583,0.0,0.0,0.53822,0.09827,1.0
28.0,27.0,27.0,24.0,22.0,19.0,1.0755,0.004577,0.0,0.0,0.0,0.0,0.0,0.0,0.52535,0.10984,1.0
69.0,65.0,63.0,56.0,51.0,39.0,30.936,13.609,4.4437,0.72015,0.042994,0.006142,0.0,0.0,0.56363,0.10288,1.0
19.0,17.0,15.0,12.0,12.0,7.0,179.7,34.678,13.019,1.0452,0.023003,0.005001,0.002,0.0,0.47042,0.094014,1.0
67.0,66.0,66.0,64.0,61.0,55.0,51.07,25.921,15.033,4.4378,0.16542,0.003181,0.001591,0.0,0.49841,0.082712,1.0
60.0,55.0,48.0,35.0,24.0,17.0,65.725,30.541,8.4427,0.196,0.012511,0.0,0.0,0.0,0.51664,0.094873,1.0
36.0,35.0,33.0,30.0,25.0,17.0,245.34,167.13,70.267,15.865,2.2599,0.31904,0.091008,0.054196,0.48965,0.12373,1.0
16.0,16.0,16.0,16.0,14.0,11.0,15.997,6.3117,0.8606,0.09064,0.003899,0.003899,0.003899,0.003899,0.52699,0.12475,0.0
55.0,53.0,51.0,47.0,39.0,26.0,71.337,39.43,21.118,3.9563,0.6367,0.032852,0.0,0.0,0.54077,0.11733,0.0
76.0,76.0,74.0,69.0,61.0,41.0,56.753,24.996,10.184,2.2165,0.18379,0.03613,0.0,0.0,0.56904,0.12567,0.0
47.0,47.0,45.0,42.0,39.0,27.0,12.529,4.0438,0.30954,0.021243,0.0,0.0,0.0,0.0,0.53736,0.12139,1.0
62.0,60.0,59.0,54.0,47.0,33.0,55.831,27.994,12.687,4.8523,1.3939,0.37325,0.041817,0.007744,0.5309,0.12855,1.0
25.0,25.0,25.0,23.0,22.0,18.0,22.48,13.95,0.43623,0.11612,0.0,0.0,0.0,0.0,0.55168,0.13966,0.0
3.0,3.0,3.0,3.0,3.0,3.0,99.234,8.686,2.0468,0.027372,0.0,0.0,0.0,0.0,0.50385,0.12773,0.0
16.0,15.0,14.0,13.0,11.0,9.0,46.833,21.636,3.0,0.50677,0.12496,0.046611,0.000992,0.000992,0.57876,0.10116,0.0
3.0,3.0,3.0,3.0,3.0,3.0,99.234,8.686,2.0468,0.027372,0.0,0.0,0.0,0.0,0.50385,0.12773,0.0
42.0,38.0,38.0,37.0,35.0,32.0,12.495,4.4265,0.58836,0.0,0.0,0.0,0.0,0.0,0.56108,0.099592,1.0
67.0,66.0,66.0,64.0,61.0,55.0,51.07,25.921,15.033,4.4378,0.16542,0.003181,0.001591,0.0,0.49841,0.082712,1.0
58.0,57.0,55.0,50.0,43.0,34.0,31.499,16.224,7.4057,0.92493,0.16304,0.083087,0.02665,0.010974,0.51967,0.12541,0.0
20.0,18.0,16.0,15.0,13.0,9.0,65.114,33.125,8.7854,0.67354,0.051811,0.002933,0.000978,0.000978,0.56946,0.089936,0.0
7.0,7.0,7.0,7.0,7.0,4.0,38.597,19.37,6.9201,0.36883,0.0,0.0,0.0,0.0,0.57108,0.11106,0.0
76.0,76.0,74.0,69.0,61.0,41.0,56.753,24.996,10.184,2.2165,0.18379,0.03613,0.0,0.0,0.56904,0.12567,0.0
64.0,62.0,60.0,58.0,51.0,43.0,42.14,20.794,7.618,0.69538,0.13751,0.0,0.0,0.0,0.48581,0.087509,1.0
64.0,63.0,60.0,57.0,54.0,46.0,8.4821,3.4283,1.467,0.35675,0.14878,0.059192,0.035195,0.0,0.51314,0.12158,1.0
13.0,12.0,11.0,9.0,8.0,6.0,2.1267,0.33774,0.0,0.0,0.0,0.0,0.0,0.0,0.49313,0.13571,0.0
73.0,70.0,69.0,69.0,65.0,55.0,29.939,10.345,3.4315,0.2739,0.0,0.0,0.0,0.0,0.47702,0.080017,1.0
15.0,15.0,15.0,14.0,11.0,6.0,82.703,20.592,4.5636,0.31234,0.003856,0.003856,0.003856,0.003856,0.53348,0.095437,0.0
18.0,18.0,18.0,17.0,15.0,9.0,72.631,25.142,10.054,1.8246,0.26608,0.019519,0.0,0.0,0.55331,0.093488,1.0
10.0,10.0,10.0,9.0,5.0,4.0,33.274,8.4609,1.297,0.1171,0.0,0.0,0.0,0.0,0.56597,0.12005,0.0
12.0,11.0,11.0,10.0,9.0,8.0,87.874,15.997,6.4563,1.2402,0.007041,0.001006,0.0,0.0,0.52372,0.11466,1.0
9.0,9.0,9.0,9.0,8.0,5.0,196.17,36.53,18.431,3.606,0.05935,0.0,0.0,0.0,0.5215,0.10847,0.0
44.0,42.0,39.0,35.0,29.0,20.0,90.583,44.497,22.159,7.1851,1.6946,0.35432,0.001541,0.0,0.54444,0.10476,0.0
16.0,16.0,15.0,14.0,14.0,11.0,4.873,0.043887,0.0,0.0,0.0,0.0,0.0,0.0,0.53865,0.10972,0.0
60.0,57.0,57.0,54.0,53.0,34.0,11.453,3.4674,0.11356,0.0,0.0,0.0,0.0,0.0,0.52301,0.10296,1.0
58.0,57.0,55.0,50.0,43.0,34.0,31.499,16.224,7.4057,0.92493,0.16304,0.083087,0.02665,0.010974,0.51967,0.12541,0.0
29.0,28.0,27.0,27.0,25.0,21.0,6.9571,2.2448,0.099804,0.018425,0.0,0.0,0.0,0.0,0.55927,0.092127,0.0
43.0,42.0,42.0,40.0,39.0,34.0,21.613,9.6693,0.90344,0.27476,0.12884,0.082272,0.066749,0.058987,0.54118,0.099347,1.0
4.0,4.0,4.0,4.0,4.0,3.0,76.635,36.247,9.3328,0.66899,0.027081,0.0,0.0,0.0,0.47722,0.12437,0.0
18.0,18.0,18.0,17.0,13.0,11.0,61.852,9.4638,1.5937,0.053433,0.0,0.0,0.0,0.0,0.56731,0.098646,0.0
99.0,98.0,68.0,53.0,42.0,27.0,298.07,50.27,33.694,10.989,6.1244,1.749,0.35844,0.18128,0.55648,0.11742,1.0
23.0,23.0,23.0,22.0,20.0,17.0,7.1223,2.089,0.51183,0.21179,0.022463,0.006418,0.0,0.0,0.55947,0.11231,0.0
1.0,1.0,1.0,1.0,1.0,1.0,69.711,26.152,3.5337,0.46782,0.19423,0.15977,0.005221,0.005221,0.49002,0.1368,0.0
23.0,23.0,23.0,22.0,20.0,17.0,7.1223,2.089,0.51183,0.21179,0.022463,0.006418,0.0,0.0,0.55947,0.11231,0.0
19.0,19.0,15.0,15.0,15.0,11.0,3.3322,0.30293,0.054801,0.0,0.0,0.0,0.0,0.0,0.51971,0.11874,1.0
46.0,46.0,46.0,46.0,44.0,30.0,34.941,19.05,3.4845,0.51622,0.071525,0.0,0.0,0.0,0.51228,0.10418,0.0
21.0,21.0,21.0,18.0,14.0,10.0,38.141,21.299,9.8856,1.3967,0.13307,0.025395,0.0,0.0,0.56724,0.097515,0.0
40.0,38.0,33.0,25.0,20.0,12.0,73.083,23.121,13.094,5.4374,3.8453,2.0288,0.51857,0.10715,0.52711,0.10513,1.0
66.0,62.0,61.0,61.0,57.0,44.0,42.595,20.475,2.7838,1.1314,0.49804,0.2152,0.0,0.0,0.52795,0.086082,0.0
20.0,19.0,18.0,16.0,16.0,14.0,12.112,4.3296,0.38188,0.0,0.0,0.0,0.0,0.0,0.53841,0.11643,0.0
9.0,9.0,8.0,7.0,7.0,4.0,145.89,17.009,7.4002,0.95429,0.001045,0.0,0.0,0.0,0.53223,0.093025,1.0
81.0,78.0,74.0,66.0,60.0,39.0,26.82,11.903,1.9703,0.37126,0.024648,0.0,0.0,0.0,0.5018,0.11554,1.0
11.0,10.0,10.0,8.0,8.0,6.0,40.065,26.836,6.8808,0.54378,0.1188,0.020283,0.001932,0.001932,0.56141,0.12846,1.0
20.0,19.0,18.0,16.0,16.0,14.0,12.112,4.3296,0.38188,0.0,0.0,0.0,0.0,0.0,0.53841,0.11643,0.0
6.0,5.0,4.0,3.0,3.0,3.0,46.986,8.0037,2.2832,0.011128,0.0,0.0,0.0,0.0,0.52646,0.11026,1.0
83.0,82.0,82.0,80.0,78.0,58.0,25.552,4.1032,1.7336,0.35899,0.006298,0.0,0.0,0.0,0.53601,0.089748,0.0
44.0,43.0,41.0,41.0,37.0,29.0,28.356,6.9356,2.3058,0.32372,0.0,0.0,0.0,0.0,0.50283,0.12674,1.0
69.0,66.0,59.0,43.0,31.0,19.0,161.9,23.386,12.579,1.675,0.18171,0.0,0.0,0.0,0.51202,0.12588,1.0
60.0,55.0,48.0,35.0,24.0,17.0,65.725,30.541,8.4427,0.196,0.012511,0.0,0.0,0.0,0.51664,0.094873,1.0
41.0,40.0,40.0,38.0,36.0,25.0,23.471,7.034,1.6695,0.062342,0.001521,0.0,0.0,0.0,0.54102,0.12773,0.0
49.0,48.0,45.0,40.0,37.0,26.0,26.348,13.667,2.5564,0.19247,0.0,0.0,0.0,0.0,0.55776,0.11331,1.0
28.0,24.0,23.0,20.0,17.0,12.0,36.0,2.5991,0.73852,0.023397,0.004069,0.001017,0.001017,0.001017,0.48233,0.090535,1.0
18.0,18.0,18.0,17.0,15.0,9.0,72.631,25.142,10.054,1.8246,0.26608,0.019519,0.0,0.0,0.55331,0.093488,1.0
23.0,23.0,23.0,22.0,20.0,17.0,7.1223,2.089,0.51183,0.21179,0.022463,0.006418,0.0,0.0,0.55947,0.11231,0.0
56.0,55.0,54.0,47.0,41.0,33.0,29.16,16.328,1.8747,0.13252,0.006464,0.0,0.0,0.0,0.57848,0.11636,1.0
55.0,53.0,51.0,47.0,39.0,26.0,71.337,39.43,21.118,3.9563,0.6367,0.032852,0.0,0.0,0.54077,0.11733,0.0
43.0,43.0,43.0,41.0,39.0,22.0,47.749,26.632,4.384,0.43621,0.0,0.0,0.0,0.0,0.5084,0.11768,0.0
47.0,45.0,45.0,42.0,36.0,26.0,28.505,7.6755,1.5726,0.081556,0.0,0.0,0.0,0.0,0.51251,0.13541,1.0
19.0,19.0,18.0,16.0,12.0,11.0,32.665,13.683,4.3258,0.41333,0.10749,0.04104,0.003909,0.003909,0.50517,0.10455,0.0
74.0,73.0,73.0,66.0,62.0,41.0,51.113,13.356,3.7721,0.25574,0.0,0.0,0.0,0.0,0.54719,0.082202,0.0
16.0,14.0,13.0,11.0,8.0,5.0,201.13,93.514,45.163,7.4665,0.74686,0.10385,0.074476,0.041958,0.57924,0.088112,1.0
101.0,87.0,73.0,60.0,42.0,24.0,145.8,15.769,6.6479,0.37264,0.004039,0.0,0.0,0.0,0.56897,0.064631,1.0
55.0,53.0,53.0,50.0,43.0,31.0,40.467,18.446,9.1189,3.0794,0.84026,0.27243,0.007653,0.001531,0.48328,0.11479,0.0
24.0,24.0,23.0,21.0,19.0,15.0,96.599,36.501,10.879,1.4075,0.005772,0.003848,0.0,0.0,0.52749,0.10583,0.0
19.0,15.0,14.0,13.0,12.0,9.0,110.74,61.296,13.509,1.5347,0.073311,0.005788,0.001929,0.000965,0.4746,0.090674,1.0
11.0,10.0,10.0,8.0,8.0,6.0,40.065,26.836,6.8808,0.54378,0.1188,0.020283,0.001932,0.001932,0.56141,0.12846,1.0
80.0,75.0,69.0,62.0,57.0,40.0,32.993,9.8719,2.5181,0.59779,0.1957,0.14066,0.10855,0.082559,0.51922,0.099377,1.0
4.0,4.0,4.0,4.0,4.0,3.0,76.635,36.247,9.3328,0.66899,0.027081,0.0,0.0,0.0,0.47722,0.12437,0.0
48.0,47.0,46.0,43.0,41.0,27.0,40.16,15.297,6.0167,1.5911,0.39359,0.088481,0.0,0.0,0.55275,0.11442,1.0
39.0,39.0,36.0,35.0,30.0,27.0,66.29,18.41,9.2906,1.6406,0.11862,0.012324,0.010783,0.003081,0.50265,0.09551,0.0
87.0,82.0,80.0,77.0,72.0,46.0,30.018,6.742,2.1931,0.26175,0.0,0.0,0.0,0.0,0.51677,0.10067,0.0
29.0,29.0,27.0,25.0,21.0,18.0,90.975,49.911,23.988,4.0475,0.75144,0.15898,0.014812,0.006912,0.48707,0.11553,0.0
14.0,14.0,14.0,14.0,12.0,9.0,125.73,48.659,16.775,1.6949,0.00595,0.00595,0.00595,0.00595,0.55084,0.11107,0.0
37.0,37.0,37.0,36.0,34.0,28.0,52.568,24.539,4.8042,0.083551,0.0,0.0,0.0,0.0,0.52143,0.12378,0.0
49.0,48.0,45.0,40.0,37.0,26.0,26.348,13.667,2.5564,0.19247,0.0,0.0,0.0,0.0,0.55776,0.11331,1.0
28.0,26.0,22.0,17.0,13.0,11.0,138.63,69.678,22.845,2.4384,0.10212,0.005836,0.005836,0.005836,0.47998,0.094344,1.0
9.0,9.0,9.0,8.0,6.0,6.0,214.16,31.265,14.763,1.7484,0.006078,0.0,0.0,0.0,0.48069,0.10535,0.0
56.0,55.0,54.0,51.0,46.0,31.0,41.154,19.14,8.6646,0.81969,0.004631,0.0,0.0,0.0,0.48714,0.12041,1.0
43.0,43.0,42.0,40.0,37.0,30.0,11.867,2.8053,0.63162,0.0,0.0,0.0,0.0,0.0,0.53157,0.12016,0.0
87.0,82.0,80.0,77.0,72.0,46.0,30.018,6.742,2.1931,0.26175,0.0,0.0,0.0,0.0,0.51677,0.10067,0.0
52.0,52.0,49.0,45.0,39.0,24.0,33.363,14.745,4.2409,0.96006,0.14299,0.1147,0.078564,0.0,0.52953,0.11942,1.0
43.0,42.0,42.0,40.0,39.0,34.0,21.613,9.6693,0.90344,0.27476,0.12884,0.082272,0.066749,0.058987,0.54118,0.099347,1.0
14.0,13.0,12.0,10.0,10.0,7.0,12.891,5.1581,0.28189,0.17287,0.13705,0.11836,0.0,0.0,0.53313,0.091887,0.0
83.0,82.0,82.0,80.0,78.0,58.0,25.552,4.1032,1.7336,0.35899,0.006298,0.0,0.0,0.0,0.53601,0.089748,0.0
69.0,66.0,59.0,43.0,31.0,19.0,161.9,23.386,12.579,1.675,0.18171,0.0,0.0,0.0,0.51202,0.12588,1.0
12.0,12.0,12.0,12.0,10.0,7.0,60.62,25.412,4.4474,0.42079,0.011826,0.0,0.0,0.0,0.50734,0.1153,0.0
19.0,19.0,15.0,15.0,15.0,11.0,3.3322,0.30293,0.054801,0.0,0.0,0.0,0.0,0.0,0.51971,0.11874,1.0
41.0,39.0,35.0,26.0,21.0,9.0,71.477,14.144,3.0249,0.59936,0.2205,0.15134,0.11626,0.075171,0.53095,0.11125,1.0
47.0,45.0,41.0,39.0,37.0,30.0,88.803,49.014,25.012,6.6077,1.1779,0.074593,0.001554,0.0,0.53816,0.11344,0.0
11.0,11.0,11.0,11.0,10.0,9.0,78.775,45.688,17.219,0.51234,0.008165,0.0,0.0,0.0,0.5402,0.082669,0.0
48.0,47.0,46.0,44.0,44.0,34.0,35.941,21.921,0.16601,0.0,0.0,0.0,0.0,0.0,0.52593,0.10299,1.0
53.0,53.0,50.0,43.0,41.0,30.0,44.194,27.205,4.6375,1.2608,0.17813,0.004647,0.0,0.0,0.53424,0.13011,0.0
101.0,87.0,73.0,60.0,42.0,24.0,145.8,15.769,6.6479,0.37264,0.004039,0.0,0.0,0.0,0.56897,0.064631,1.0
38.0,38.0,38.0,37.0,36.0,25.0,20.354,3.2626,0.8577,0.0,0.0,0.0,0.0,0.0,0.53743,0.12384,0.0
12.0,12.0,12.0,11.0,11.0,6.0,13.37,2.6124,0.45666,0.10182,0.006171,0.003086,0.0,0.0,0.57823,0.098737,1.0
52.0,48.0,46.0,41.0,36.0,29.0,6.9221,3.1888,1.5026,1.0391,0.86642,0.0,0.0,0.0,0.5391,0.10577,1.0
35.0,34.0,32.0,27.0,23.0,16.0,127.52,52.805,31.101,6.0271,1.1719,0.30255,0.042127,0.017234,0.47194,0.11681,0.0
19.0,19.0,18.0,15.0,12.0,7.0,39.835,6.0675,1.3712,0.18684,0.025302,0.003893,0.003893,0.003893,0.55641,0.11191,1.0
16.0,16.0,16.0,15.0,14.0,13.0,8.5966,5.8369,0.045767,0.0,0.0,0.0,0.0,0.0,0.49489,0.14341,0.0
26.0,26.0,24.0,23.0,22.0,14.0,60.563,29.498,16.514,1.3036,0.18843,0.024996,0.003846,0.003846,0.54493,0.08364,0.0
107.0,97.0,89.0,73.0,61.0,39.0,46.898,26.625,11.291,8.1199,5.2583,3.759,2.1698,1.3302,0.51187,0.097517,1.0
62.0,61.0,61.0,61.0,61.0,55.0,16.975,10.315,1.2793,0.045961,0.0,0.0,0.0,0.0,0.5354,0.09039,1.0
49.0,48.0,45.0,40.0,37.0,26.0,26.348,13.667,2.5564,0.19247,0.0,0.0,0.0,0.0,0.55776,0.11331,1.0
69.0,68.0,66.0,61.0,59.0,45.0,8.4883,1.7154,0.17868,0.001554,0.0,0.0,0.0,0.0,0.49265,0.12119,1.0
19.0,19.0,16.0,14.0,10.0,6.0,121.85,33.55,9.1423,0.71092,0.0,0.0,0.0,0.0,0.52921,0.10254,1.0
10.0,10.0,10.0,10.0,9.0,7.0,132.6,62.74,26.938,5.0861,0.64419,0.098006,0.0,0.0,0.48391,0.11332,0.0
33.0,33.0,33.0,32.0,32.0,31.0,4.6453,0.23359,0.003115,0.0,0.0,0.0,0.0,0.0,0.51536,0.099665,1.0
41.0,40.0,40.0,38.0,36.0,25.0,23.471,7.034,1.6695,0.062342,0.001521,0.0,0.0,0.0,0.54102,0.12773,0.0
90.0,77.0,64.0,49.0,39.0,24.0,157.89,56.087,29.963,8.3186,2.6989,1.1832,0.64631,0.18034,0.51175,0.11884,1.0
48.0,43.0,39.0,32.0,27.0,18.0,23.013,6.7376,2.4039,0.18923,0.011437,0.0,0.0,0.0,0.50155,0.13829,1.0
40.0,39.0,39.0,34.0,32.0,21.0,34.151,13.868,2.2673,0.012256,0.0,0.0,0.0,0.0,0.53482,0.10724,0.0
1.0,1.0,1.0,1.0,1.0,1.0,100.55,16.607,4.6595,0.008203,0.0,0.0,0.0,0.0,0.48825,0.12202,0.0
42.0,41.0,40.0,37.0,34.0,22.0,29.99,11.839,1.1124,0.0,0.0,0.0,0.0,0.0,0.51187,0.13984,1.0
55.0,53.0,53.0,50.0,43.0,31.0,40.467,18.446,9.1189,3.0794,0.84026,0.27243,0.007653,0.001531,0.48328,0.11479,0.0
58.0,57.0,56.0,56.0,54.0,43.0,52.804,31.474,5.6614,0.31165,0.017227,0.0,0.0,0.0,0.49127,0.076738,1.0
4.0,4.0,4.0,2.0,2.0,2.0,10.541,3.9518,0.073381,0.006849,0.000978,0.000978,0.000978,0.000978,0.53855,0.11252,1.0
27.0,26.0,26.0,24.0,24.0,22.0,3.1233,0.95036,0.0,0.0,0.0,0.0,0.0,0.0,0.52396,0.12317,0.0
66.0,65.0,65.0,64.0,63.0,53.0,11.103,4.009,0.39716,0.12927,0.076318,0.052955,0.035823,0.01869,0.5432,0.096565,1.0
50.0,49.0,49.0,46.0,41.0,29.0,62.497,32.082,10.937,1.9375,0.085661,0.0,0.0,0.0,0.54511,0.084103,0.0
40.0,38.0,33.0,25.0,20.0,12.0,73.083,23.121,13.094,5.4374,3.8453,2.0288,0.51857,0.10715,0.52711,0.10513,1.0
34.0,33.0,27.0,21.0,16.0,9.0,13.274,4.2943,1.5114,0.44605,0.19277,0.10767,0.003076,0.0,0.57456,0.086133,1.0
11.0,11.0,11.0,11.0,10.0,9.0,78.775,45.688,17.219,0.51234,0.008165,0.0,0.0,0.0,0.5402,0.082669,0.0
26.0,26.0,24.0,23.0,22.0,14.0,60.563,29.498,16.514,1.3036,0.18843,0.024996,0.003846,0.003846,0.54493,0.08364,0.0
76.0,74.0,72.0,72.0,66.0,42.0,23.312,7.9436,2.0676,0.2737,0.1392,0.059432,0.0,0.0,0.53335,0.092277,1.0
8.0,8.0,8.0,6.0,6.0,5.0,10.791,5.3037,0.060822,0.001014,0.0,0.0,0.0,0.0,0.51592,0.10745,1.0
19.0,19.0,18.0,15.0,12.0,7.0,39.835,6.0675,1.3712,0.18684,0.025302,0.003893,0.003893,0.003893,0.55641,0.11191,1.0
56.0,55.0,54.0,47.0,41.0,33.0,29.16,16.328,1.8747,0.13252,0.006464,0.0,0.0,0.0,0.57848,0.11636,1.0
40.0,38.0,33.0,25.0,20.0,12.0,73.083,23.121,13.094,5.4374,3.8453,2.0288,0.51857,0.10715,0.52711,0.10513,1.0
75.0,74.0,71.0,66.0,61.0,48.0,31.128,18.11,3.2087,0.29781,0.013745,0.0,0.0,0.0,0.48267,0.11607,0.0
85.0,83.0,79.0,72.0,66.0,43.0,63.055,31.226,9.8932,1.8987,0.35279,0.10599,0.0,0.0,0.55884,0.089333,1.0
13.0,12.0,11.0,9.0,8.0,6.0,2.1267,0.33774,0.0,0.0,0.0,0.0,0.0,0.0,0.49313,0.13571,0.0
22.0,21.0,18.0,15.0,13.0,10.0,66.692,23.546,6.1511,0.49637,0.0,0.0,0.0,0.0,0.50007,0.11679,1.0
12.0,12.0,12.0,12.0,10.0,7.0,60.62,25.412,4.4474,0.42079,0.011826,0.0,0.0,0.0,0.50734,0.1153,0.0
11.0,10.0,10.0,6.0,5.0,5.0,104.73,31.382,7.4751,0.37396,0.029167,0.0,0.0,0.0,0.56395,0.12604,1.0
48.0,48.0,48.0,45.0,44.0,37.0,57.997,33.445,18.062,7.2478,2.4997,0.50707,0.058926,0.0,0.54897,0.088388,0.0
28.0,28.0,27.0,24.0,21.0,14.0,30.106,9.9588,2.7426,0.43371,0.019493,0.0,0.0,0.0,0.56371,0.081869,0.0
85.0,83.0,79.0,72.0,66.0,43.0,63.055,31.226,9.8932,1.8987,0.35279,0.10599,0.0,0.0,0.55884,0.089333,1.0
62.0,60.0,59.0,54.0,47.0,33.0,55.831,27.994,12.687,4.8523,1.3939,0.37325,0.041817,0.007744,0.5309,0.12855,1.0
45.0,45.0,42.0,37.0,35.0,27.0,33.327,13.394,2.8958,0.31563,0.006129,0.0,0.0,0.0,0.51258,0.10419,1.0
16.0,16.0,16.0,14.0,10.0,5.0,92.844,29.034,8.7019,1.2595,0.19805,0.1506,0.030946,0.0,0.53554,0.1145,1.0
11.0,11.0,10.0,9.0,8.0,7.0,44.44,7.9455,1.2357,0.087179,0.001014,0.0,0.0,0.0,0.50747,0.085152,0.0
63.0,62.0,62.0,58.0,53.0,42.0,42.29,19.897,10.561,2.7309,0.40339,0.085245,0.0,0.0,0.469,0.097422,1.0
7.0,7.0,7.0,7.0,7.0,4.0,37.239,17.444,2.8885,0.078299,0.034375,0.008594,0.005729,0.003819,0.49992,0.14896,0.0
17.0,17.0,17.0,17.0,17.0,10.0,22.691,6.9184,1.1655,0.062406,0.013441,0.005761,0.005761,0.0048,0.49948,0.097929,0.0
16.0,15.0,15.0,14.0,13.0,9.0,63.916,32.426,2.8545,0.070338,0.002931,0.001954,0.001954,0.001954,0.52771,0.12211,0.0
22.0,19.0,19.0,15.0,12.0,9.0,70.192,24.971,4.4037,0.71367,0.39467,0.20756,0.089976,0.039876,0.51867,0.098155,1.0
13.0,13.0,13.0,13.0,11.0,7.0,81.194,45.889,24.588,4.2386,0.41051,0.068252,0.002007,0.001004,0.50288,0.10639,0.0
67.0,66.0,66.0,64.0,61.0,55.0,51.07,25.921,15.033,4.4378,0.16542,0.003181,0.001591,0.0,0.49841,0.082712,1.0
50.0,49.0,49.0,45.0,42.0,33.0,39.549,17.202,4.6168,1.2794,0.12049,0.0,0.0,0.0,0.49933,0.10147,0.0
46.0,41.0,39.0,32.0,23.0,15.0,115.53,21.293,9.6657,2.2767,0.3294,0.186,0.11846,0.071698,0.54047,0.10495,1.0
18.0,18.0,18.0,17.0,15.0,9.0,72.631,25.142,10.054,1.8246,0.26608,0.019519,0.0,0.0,0.55331,0.093488,1.0
76.0,76.0,74.0,69.0,61.0,41.0,56.753,24.996,10.184,2.2165,0.18379,0.03613,0.0,0.0,0.56904,0.12567,0.0
41.0,41.0,39.0,37.0,36.0,28.0,9.8747,1.1264,0.1733,0.0,0.0,0.0,0.0,0.0,0.48819,0.13616,1.0
44.0,43.0,42.0,41.0,39.0,27.0,173.76,38.296,21.431,8.548,3.1353,1.043,0.17138,0.080959,0.52022,0.1146,1.0
67.0,67.0,63.0,58.0,50.0,39.0,61.995,28.15,8.6354,1.4049,0.0,0.0,0.0,0.0,0.53248,0.12405,0.0
31.0,31.0,29.0,28.0,25.0,15.0,45.712,21.604,3.8931,0.57502,0.023916,0.00104,0.0,0.0,0.48822,0.11022,1.0
25.0,22.0,21.0,20.0,16.0,9.0,43.875,21.742,3.6301,0.58529,0.047561,0.016501,0.0,0.0,0.55103,0.099004,1.0
42.0,35.0,30.0,23.0,17.0,9.0,168.78,54.776,18.558,2.4595,0.19631,0.097646,0.037635,0.033566,0.53582,0.097646,1.0
13.0,13.0,13.0,13.0,11.0,7.0,81.194,45.889,24.588,4.2386,0.41051,0.068252,0.002007,0.001004,0.50288,0.10639,0.0
1.0,1.0,1.0,1.0,1.0,1.0,60.057,26.562,4.4992,0.11843,0.0,0.0,0.0,0.0,0.57136,0.082695,0.0
71.0,71.0,70.0,67.0,63.0,47.0,21.875,10.949,4.2863,0.88289,0.12032,0.0,0.0,0.0,0.56906,0.089071,0.0
78.0,77.0,75.0,71.0,56.0,36.0,9.9806,2.1478,0.82105,0.49794,0.18887,0.15921,0.10927,0.071803,0.57596,0.10927,1.0
52.0,52.0,49.0,45.0,39.0,24.0,33.363,14.745,4.2409,0.96006,0.14299,0.1147,0.078564,0.0,0.52953,0.11942,1.0
43.0,43.0,43.0,41.0,39.0,22.0,47.749,26.632,4.384,0.43621,0.0,0.0,0.0,0.0,0.5084,0.11768,0.0
16.0,15.0,15.0,12.0,11.0,8.0,173.14,76.572,28.766,2.5362,0.020797,0.001981,0.00099,0.00099,0.53794,0.098043,0.0
64.0,64.0,63.0,58.0,55.0,40.0,19.673,6.0649,0.90734,0.080105,0.0,0.0,0.0,0.0,0.55118,0.098591,0.0
18.0,18.0,18.0,17.0,15.0,9.0,72.631,25.142,10.054,1.8246,0.26608,0.019519,0.0,0.0,0.55331,0.093488,1.0
7.0,7.0,7.0,7.0,7.0,6.0,87.929,35.215,17.198,1.7763,0.061394,0.0,0.0,0.0,0.49401,0.12383,1.0
71.0,68.0,68.0,66.0,63.0,53.0,21.057,5.8979,2.2205,0.13808,0.0,0.0,0.0,0.0,0.57308,0.09523,1.0
13.0,13.0,13.0,12.0,12.0,8.0,71.507,32.944,6.3833,0.58682,0.013579,0.00388,0.00388,0.00388,0.4881,0.10669,0.0
36.0,35.0,33.0,30.0,25.0,17.0,245.34,167.13,70.267,15.865,2.2599,0.31904,0.091008,0.054196,0.48965,0.12373,1.0
44.0,44.0,44.0,41.0,39.0,27.0,18.026,8.5707,0.41038,0.0,0.0,0.0,0.0,0.0,0.47593,0.12357,1.0
19.0,19.0,19.0,18.0,15.0,9.0,13.115,5.8454,0.15433,0.050435,0.0,0.0,0.0,0.0,0.48448,0.10995,0.0
65.0,64.0,64.0,61.0,59.0,51.0,19.022,5.646,2.6535,0.62733,0.14878,0.010737,0.001534,0.0,0.49634,0.11504,1.0
23.0,23.0,23.0,22.0,20.0,17.0,7.1223,2.089,0.51183,0.21179,0.022463,0.006418,0.0,0.0,0.55947,0.11231,0.0
51.0,50.0,49.0,49.0,47.0,32.0,13.388,3.0296,0.64097,0.11221,0.0,0.0,0.0,0.0,0.49722,0.11221,0.0
11.0,11.0,10.0,9.0,8.0,5.0,146.11,54.693,40.272,25.905,16.272,8.4512,1.9179,0.61001,0.47874,0.085831,1.0
49.0,48.0,45.0,40.0,37.0,26.0,26.348,13.667,2.5564,0.19247,0.0,0.0,0.0,0.0,0.55776,0.11331,1.0
8.0,8.0,8.0,6.0,6.0,5.0,10.791,5.3037,0.060822,0.001014,0.0,0.0,0.0,0.0,0.51592,0.10745,1.0
16.0,14.0,13.0,11.0,8.0,5.0,201.13,93.514,45.163,7.4665,0.74686,0.10385,0.074476,0.041958,0.57924,0.088112,1.0
71.0,71.0,70.0,67.0,63.0,47.0,21.875,10.949,4.2863,0.88289,0.12032,0.0,0.0,0.0,0.56906,0.089071,0.0
107.0,98.0,77.0,63.0,47.0,28.0,199.43,44.821,25.535,7.709,0.24247,0.011447,0.003122,0.002081,0.49131,0.1384,1.0
5.0,5.0,5.0,5.0,4.0,3.0,133.05,6.8909,2.7184,0.1699,0.01794,0.011608,0.003166,0.001055,0.58863,0.10975,1.0
79.0,75.0,73.0,71.0,64.0,47.0,22.142,10.054,0.87463,0.09978,0.023386,0.0,0.0,0.0,0.56096,0.10913,1.0
35.0,34.0,33.0,31.0,23.0,14.0,64.555,32.798,12.323,4.697,2.1011,1.0735,0.32498,0.12687,0.56896,0.089784,0.0
37.0,35.0,34.0,30.0,28.0,22.0,20.994,11.376,0.98188,0.025879,0.0,0.0,0.0,0.0,0.52013,0.1233,1.0
23.0,23.0,23.0,22.0,20.0,17.0,7.1223,2.089,0.51183,0.21179,0.022463,0.006418,0.0,0.0,0.55947,0.11231,0.0
20.0,20.0,20.0,19.0,17.0,9.0,123.62,34.63,17.127,3.0435,0.27649,0.070659,0.017409,0.013313,0.55401,0.12186,0.0
42.0,42.0,37.0,36.0,35.0,26.0,79.513,58.725,2.7913,0.42008,0.21696,0.16772,0.14464,0.0,0.55858,0.16618,1.0
67.0,67.0,63.0,58.0,50.0,39.0,61.995,28.15,8.6354,1.4049,0.0,0.0,0.0,0.0,0.53248,0.12405,0.0
56.0,55.0,46.0,41.0,37.0,28.0,6.9608,2.7473,1.5441,0.63141,0.20181,0.16053,0.13301,0.11772,0.52287,0.10243,1.0
71.0,71.0,70.0,69.0,63.0,45.0,48.462,20.704,4.9231,0.65977,0.0,0.0,0.0,0.0,0.5555,0.10211,0.0
13.0,13.0,12.0,12.0,11.0,6.0,29.245,14.74,0.66817,0.017305,0.000961,0.0,0.0,0.0,0.49661,0.099985,0.0
16.0,13.0,12.0,9.0,5.0,5.0,27.038,13.833,0.48921,0.021182,0.003026,0.0,0.0,0.0,0.51248,0.084729,1.0
75.0,74.0,71.0,66.0,61.0,48.0,31.128,18.11,3.2087,0.29781,0.013745,0.0,0.0,0.0,0.48267,0.11607,0.0
24.0,24.0,22.0,18.0,16.0,13.0,57.71,23.8,3.3254,0.23419,0.003903,0.003903,0.003903,0.003903,0.52091,0.14441,0.0
73.0,70.0,69.0,69.0,65.0,55.0,29.939,10.345,3.4315,0.2739,0.0,0.0,0.0,0.0,0.47702,0.080017,1.0
52.0,48.0,46.0,41.0,36.0,29.0,6.9221,3.1888,1.5026,1.0391,0.86642,0.0,0.0,0.0,0.5391,0.10577,1.0
53.0,45.0,44.0,35.0,30.0,18.0,56.889,31.723,11.463,4.4462,2.9957,2.0795,1.392,0.39815,0.51638,0.096767,1.0
56.0,55.0,54.0,47.0,41.0,33.0,29.16,16.328,1.8747,0.13252,0.006464,0.0,0.0,0.0,0.57848,0.11636,1.0
49.0,39.0,31.0,23.0,16.0,11.0,149.33,50.251,25.136,10.572,4.8945,2.508,1.404,0.33773,0.49385,0.090809,1.0
39.0,37.0,37.0,34.0,32.0,24.0,65.546,41.34,11.255,0.74067,0.054691,0.0,0.0,0.0,0.46862,0.10938,0.0
44.0,44.0,43.0,39.0,38.0,32.0,38.353,24.203,10.53,2.2238,0.41485,0.13725,0.004627,0.0,0.53686,0.092532,0.0
60.0,55.0,48.0,35.0,24.0,17.0,65.725,30.541,8.4427,0.196,0.012511,0.0,0.0,0.0,0.51664,0.094873,1.0
66.0,64.0,59.0,54.0,48.0,38.0,28.776,13.843,3.1519,0.40079,0.060584,0.0,0.0,0.0,0.53495,0.091653,1.0
16.0,16.0,16.0,15.0,11.0,8.0,46.69,4.6892,0.92468,0.041987,0.0,0.0,0.0,0.0,0.55513,0.083021,0.0
17.0,17.0,15.0,13.0,10.0,4.0,18.929,6.0811,1.5728,0.17577,0.007071,0.0,0.0,0.0,0.56814,0.091924,0.0
20.0,20.0,20.0,19.0,17.0,9.0,123.62,34.63,17.127,3.0435,0.27649,0.070659,0.017409,0.013313,0.55401,0.12186,0.0
2.0,2.0,2.0,2.0,2.0,1.0,61.803,18.105,2.9861,0.014541,0.0,0.0,0.0,0.0,0.52151,0.11321,0.0
58.0,57.0,56.0,56.0,54.0,43.0,52.804,31.474,5.6614,0.31165,0.017227,0.0,0.0,0.0,0.49127,0.076738,1.0
55.0,52.0,43.0,33.0,25.0,13.0,158.09,32.598,15.401,2.5547,0.079543,0.006198,0.006198,0.004132,0.50679,0.14772,1.0
25.0,25.0,25.0,23.0,22.0,18.0,22.48,13.95,0.43623,0.11612,0.0,0.0,0.0,0.0,0.55168,0.13966,0.0
4.0,4.0,4.0,2.0,2.0,2.0,10.541,3.9518,0.073381,0.006849,0.000978,0.000978,0.000978,0.000978,0.53855,0.11252,1.0
26.0,26.0,24.0,23.0,22.0,14.0,60.563,29.498,16.514,1.3036,0.18843,0.024996,0.003846,0.003846,0.54493,0.08364,0.0
28.0,26.0,22.0,17.0,13.0,11.0,138.63,69.678,22.845,2.4384,0.10212,0.005836,0.005836,0.005836,0.47998,0.094344,1.0
63.0,63.0,61.0,59.0,55.0,48.0,13.198,5.9474,1.1649,0.10156,0.020004,0.006155,0.003078,0.0,0.50712,0.090788,1.0
56.0,55.0,46.0,41.0,37.0,28.0,6.9608,2.7473,1.5441,0.63141,0.20181,0.16053,0.13301,0.11772,0.52287,0.10243,1.0
151.0,131.0,120.0,105.0,84.0,57.0,45.004,21.601,13.209,5.5269,3.6181,1.7566,0.71541,0.13699,0.5026,0.11416,1.0
60.0,59.0,58.0,56.0,54.0,34.0,14.645,6.0964,0.70634,0.018507,0.0,0.0,0.0,0.0,0.51213,0.12955,1.0
22.0,22.0,22.0,17.0,14.0,10.0,160.09,56.332,24.55,3.1353,0.13636,0.045454,0.00202,0.0,0.5143,0.10707,0.0
37.0,35.0,30.0,19.0,17.0,10.0,24.503,10.713,2.1609,0.35807,0.19559,0.061059,0.008279,0.00207,0.53182,0.1097,1.0
10.0,9.0,9.0,9.0,9.0,6.0,75.362,16.559,2.3947,0.081551,0.003838,0.003838,0.003838,0.001919,0.53607,0.11033,0.0
11.0,10.0,10.0,8.0,8.0,6.0,40.065,26.836,6.8808,0.54378,0.1188,0.020283,0.001932,0.001932,0.56141,0.12846,1.0
85.0,83.0,79.0,72.0,66.0,43.0,63.055,31.226,9.8932,1.8987,0.35279,0.10599,0.0,0.0,0.55884,0.089333,1.0
45.0,40.0,34.0,30.0,19.0,12.0,123.3,39.026,20.515,7.3947,4.3465,1.504,1.0305,0.47445,0.52805,0.11267,1.0
36.0,35.0,33.0,30.0,25.0,17.0,245.34,167.13,70.267,15.865,2.2599,0.31904,0.091008,0.054196,0.48965,0.12373,1.0
78.0,77.0,75.0,71.0,56.0,36.0,9.9806,2.1478,0.82105,0.49794,0.18887,0.15921,0.10927,0.071803,0.57596,0.10927,1.0
59.0,58.0,56.0,56.0,54.0,44.0,25.765,8.6202,1.0975,0.099913,0.081468,0.041503,0.03228,0.03228,0.48499,0.13681,1.0
38.0,38.0,37.0,36.0,36.0,27.0,45.618,22.304,3.1359,0.47139,0.043705,0.0,0.0,0.0,0.54268,0.096776,0.0
90.0,85.0,79.0,73.0,66.0,53.0,36.128,20.509,10.453,8.2349,6.4973,4.8161,3.4111,1.9222,0.48819,0.12357,1.0
37.0,35.0,30.0,19.0,17.0,10.0,24.503,10.713,2.1609,0.35807,0.19559,0.061059,0.008279,0.00207,0.53182,0.1097,1.0
62.0,59.0,55.0,51.0,41.0,26.0,32.35,11.285,3.5645,1.3465,0.11682,0.039965,0.001537,0.001537,0.52927,0.12912,1.0
29.0,29.0,27.0,25.0,21.0,18.0,90.975,49.911,23.988,4.0475,0.75144,0.15898,0.014812,0.006912,0.48707,0.11553,0.0
18.0,18.0,18.0,15.0,13.0,8.0,232.09,86.019,38.672,5.0949,0.0,0.0,0.0,0.0,0.5332,0.10642,1.0
42.0,38.0,38.0,37.0,35.0,32.0,12.495,4.4265,0.58836,0.0,0.0,0.0,0.0,0.0,0.56108,0.099592,1.0
22.0,20.0,18.0,15.0,12.0,9.0,122.65,78.996,43.289,2.5264,0.049578,0.00723,0.0,0.0,0.50616,0.12291,1.0
48.0,47.0,46.0,44.0,41.0,28.0,54.523,24.531,10.933,1.5334,0.064986,0.001547,0.0,0.0,0.56833,0.13307,0.0
31.0,31.0,29.0,27.0,27.0,19.0,5.4105,1.061,0.014168,0.0,0.0,0.0,0.0,0.0,0.53432,0.13538,0.0
87.0,84.0,83.0,79.0,73.0,52.0,42.54,18.269,7.4436,1.579,0.1864,0.012324,0.003081,0.003081,0.52554,0.16021,1.0
91.0,81.0,70.0,58.0,46.0,29.0,19.12,5.3829,3.1596,1.4608,0.63881,0.23016,0.14091,0.057931,0.56176,0.2192,1.0
19.0,19.0,19.0,17.0,16.0,10.0,87.42,30.422,10.42,2.1008,0.041211,0.011775,0.00785,0.00785,0.57585,0.074572,0.0
11.0,11.0,10.0,9.0,8.0,7.0,105.04,29.351,13.241,2.4224,0.006799,0.003885,0.003885,0.003885,0.51258,0.096158,0.0
14.0,14.0,13.0,13.0,13.0,8.0,25.538,13.654,0.18117,0.0,0.0,0.0,0.0,0.0,0.53495,0.13511,1.0
81.0,74.0,68.0,63.0,49.0,35.0,21.602,10.014,0.45305,0.083374,0.0,0.0,0.0,0.0,0.51808,0.12742,1.0
15.0,15.0,15.0,13.0,11.0,8.0,119.14,41.5,12.315,0.78053,0.003947,0.003947,0.003947,0.003947,0.49949,0.11348,0.0
126.0,114.0,98.0,75.0,62.0,40.0,22.748,11.103,3.4323,1.6429,0.79651,0.59231,0.4832,0.32421,0.5372,0.14964,1.0
22.0,19.0,19.0,15.0,12.0,9.0,70.192,24.971,4.4037,0.71367,0.39467,0.20756,0.089976,0.039876,0.51867,0.098155,1.0
22.0,22.0,20.0,19.0,16.0,13.0,7.6667,2.1889,0.16139,0.0,0.0,0.0,0.0,0.0,0.52832,0.15982,0.0
17.0,17.0,15.0,13.0,10.0,4.0,18.929,6.0811,1.5728,0.17577,0.007071,0.0,0.0,0.0,0.56814,0.091924,0.0
33.0,33.0,31.0,31.0,26.0,21.0,111.42,49.532,17.261,1.9645,0.041132,0.003917,0.003917,0.003917,0.54914,0.094995,0.0
49.0,45.0,43.0,42.0,38.0,34.0,128.1,81.061,47.88,11.475,1.443,0.13583,0.011186,0.001598,0.5165,0.099073,1.0
72.0,71.0,69.0,64.0,62.0,46.0,29.724,11.809,4.4199,0.8868,0.1444,0.026682,0.00157,0.0,0.54198,0.10202,0.0
36.0,35.0,33.0,30.0,25.0,17.0,245.34,167.13,70.267,15.865,2.2599,0.31904,0.091008,0.054196,0.48965,0.12373,1.0
59.0,59.0,58.0,57.0,54.0,46.0,12.725,2.4239,0.57124,0.060212,0.004632,0.0,0.0,0.0,0.54801,0.098809,1.0
44.0,42.0,39.0,35.0,29.0,20.0,90.583,44.497,22.159,7.1851,1.6946,0.35432,0.001541,0.0,0.54444,0.10476,0.0
19.0,19.0,18.0,16.0,12.0,11.0,32.665,13.683,4.3258,0.41333,0.10749,0.04104,0.003909,0.003909,0.50517,0.10455,0.0
64.0,64.0,62.0,53.0,50.0,31.0,30.776,14.451,3.0748,0.93209,0.15611,0.071935,0.0,0.0,0.4716,0.099484,1.0
10.0,9.0,9.0,9.0,9.0,6.0,75.362,16.559,2.3947,0.081551,0.003838,0.003838,0.003838,0.001919,0.53607,0.11033,0.0
44.0,44.0,43.0,39.0,38.0,32.0,38.353,24.203,10.53,2.2238,0.41485,0.13725,0.004627,0.0,0.53686,0.092532,0.0
44.0,44.0,42.0,32.0,23.0,17.0,172.45,35.357,17.933,5.7109,1.6403,0.57406,0.1801,0.11358,0.52891,0.12177,1.0
58.0,57.0,57.0,54.0,47.0,33.0,34.042,18.938,6.8143,0.37815,0.013835,0.0,0.0,0.0,0.51201,0.1199,0.0
56.0,55.0,46.0,41.0,37.0,28.0,6.9608,2.7473,1.5441,0.63141,0.20181,0.16053,0.13301,0.11772,0.52287,0.10243,1.0
33.0,33.0,33.0,32.0,32.0,31.0,4.6453,0.23359,0.003115,0.0,0.0,0.0,0.0,0.0,0.51536,0.099665,1.0
52.0,52.0,49.0,45.0,39.0,24.0,33.363,14.745,4.2409,0.96006,0.14299,0.1147,0.078564,0.0,0.52953,0.11942,1.0
29.0,29.0,28.0,27.0,27.0,22.0,14.479,4.0166,0.61992,0.25312,0.013641,0.007578,0.004547,0.0,0.52928,0.097005,0.0
20.0,20.0,19.0,18.0,17.0,13.0,260.62,23.271,12.245,2.9315,0.5793,0.073056,0.01029,0.002058,0.50794,0.10187,1.0
61.0,60.0,60.0,57.0,53.0,38.0,42.261,18.022,8.846,0.5881,0.098272,0.003071,0.0,0.0,0.51513,0.075239,1.0
48.0,48.0,48.0,45.0,44.0,37.0,57.997,33.445,18.062,7.2478,2.4997,0.50707,0.058926,0.0,0.54897,0.088388,0.0
61.0,52.0,47.0,39.0,33.0,22.0,156.91,78.247,52.733,14.091,1.7337,0.47476,0.28425,0.19757,0.47784,0.12499,1.0
41.0,39.0,35.0,26.0,21.0,9.0,71.477,14.144,3.0249,0.59936,0.2205,0.15134,0.11626,0.075171,0.53095,0.11125,1.0
65.0,65.0,64.0,63.0,59.0,47.0,40.637,20.051,1.1392,0.059877,0.0,0.0,0.0,0.0,0.54139,0.09519,0.0
68.0,61.0,50.0,43.0,34.0,19.0,75.083,32.006,17.707,11.009,8.311,3.7661,1.1027,0.372,0.48756,0.10658,1.0
58.0,47.0,43.0,30.0,22.0,16.0,116.66,48.472,24.461,9.1982,5.5341,0.48779,0.15199,0.0267,0.54432,0.096531,1.0
13.0,12.0,11.0,10.0,9.0,6.0,175.63,10.237,3.9396,0.44793,0.023468,0.007142,0.002041,0.002041,0.5088,0.10101,1.0
3.0,3.0,3.0,3.0,3.0,3.0,63.515,21.301,1.2787,0.028138,0.0,0.0,0.0,0.0,0.52057,0.10317,0.0
17.0,16.0,16.0,14.0,12.0,9.0,75.439,20.352,5.2374,0.20682,0.003884,0.000971,0.000971,0.000971,0.54461,0.089329,1.0
39.0,31.0,26.0,18.0,15.0,9.0,77.676,40.283,11.693,5.4572,3.8431,2.142,0.99298,0.29224,0.54695,0.11103,1.0
24.0,24.0,22.0,22.0,19.0,15.0,89.108,60.485,20.953,1.6662,0.073661,0.0,0.0,0.0,0.50595,0.084035,0.0
24.0,22.0,21.0,18.0,17.0,13.0,46.886,14.786,2.5499,0.40154,0.011296,0.002054,0.0,0.0,0.52838,0.075994,1.0
54.0,54.0,54.0,50.0,49.0,42.0,27.58,15.706,4.6128,0.21802,0.0,0.0,0.0,0.0,0.50933,0.093439,0.0
10.0,10.0,10.0,9.0,8.0,5.0,16.909,5.948,0.64497,0.008651,0.001922,0.001922,0.001922,0.001922,0.52719,0.09516,0.0
41.0,39.0,35.0,26.0,21.0,9.0,71.477,14.144,3.0249,0.59936,0.2205,0.15134,0.11626,0.075171,0.53095,0.11125,1.0
65.0,65.0,64.0,63.0,59.0,47.0,40.637,20.051,1.1392,0.059877,0.0,0.0,0.0,0.0,0.54139,0.09519,0.0
79.0,74.0,69.0,64.0,57.0,37.0,31.734,3.922,1.1321,0.051806,0.0,0.0,0.0,0.0,0.49026,0.11123,1.0
69.0,66.0,59.0,43.0,31.0,19.0,161.9,23.386,12.579,1.675,0.18171,0.0,0.0,0.0,0.51202,0.12588,1.0
65.0,61.0,49.0,37.0,31.0,16.0,129.54,24.885,8.0823,1.1739,0.12168,0.046015,0.020451,0.010226,0.54524,0.09612,1.0
64.0,64.0,62.0,53.0,50.0,31.0,30.776,14.451,3.0748,0.93209,0.15611,0.071935,0.0,0.0,0.4716,0.099484,1.0
14.0,14.0,14.0,13.0,10.0,9.0,110.7,44.603,7.1929,0.16467,0.0,0.0,0.0,0.0,0.5606,0.10189,0.0
89.0,84.0,79.0,72.0,70.0,58.0,30.126,15.66,7.7391,0.49427,0.082379,0.05797,0.0,0.0,0.50435,0.08543,1.0
12.0,11.0,10.0,10.0,6.0,5.0,36.46,20.604,0.87812,0.0,0.0,0.0,0.0,0.0,0.509,0.12778,0.0
75.0,74.0,71.0,66.0,61.0,48.0,31.128,18.11,3.2087,0.29781,0.013745,0.0,0.0,0.0,0.48267,0.11607,0.0
25.0,25.0,24.0,23.0,22.0,19.0,17.034,9.9769,1.0672,0.48483,0.46779,0.3067,0.18898,0.13011,0.552,0.10843,0.0
51.0,51.0,51.0,48.0,47.0,39.0,51.083,22.58,7.3626,1.157,0.08417,0.0,0.0,0.0,0.48536,0.11019,0.0
17.0,16.0,16.0,16.0,12.0,10.0,54.483,14.8,3.2036,0.15594,0.01462,0.003899,0.0,0.0,0.52277,0.081869,0.0
73.0,71.0,71.0,70.0,70.0,65.0,44.344,29.425,6.6249,0.81159,0.056873,0.0,0.0,0.0,0.53477,0.079929,0.0
46.0,41.0,39.0,32.0,23.0,15.0,115.53,21.293,9.6657,2.2767,0.3294,0.186,0.11846,0.071698,0.54047,0.10495,1.0
35.0,34.0,32.0,27.0,23.0,16.0,127.52,52.805,31.101,6.0271,1.1719,0.30255,0.042127,0.017234,0.47194,0.11681,0.0
35.0,33.0,32.0,31.0,31.0,26.0,6.1939,1.6256,0.10806,0.0,0.0,0.0,0.0,0.0,0.5171,0.08457,1.0
17.0,17.0,16.0,14.0,11.0,9.0,76.41,22.442,12.292,1.8912,0.073248,0.001017,0.0,0.0,0.54023,0.11089,1.0
105.0,97.0,88.0,77.0,66.0,43.0,20.8,5.0166,1.3634,0.21698,0.009233,0.001539,0.001539,0.001539,0.55542,0.11234,1.0
17.0,15.0,14.0,13.0,10.0,5.0,55.232,3.3473,1.1039,0.012209,0.0,0.0,0.0,0.0,0.49236,0.11802,1.0
17.0,17.0,16.0,14.0,11.0,9.0,76.41,22.442,12.292,1.8912,0.073248,0.001017,0.0,0.0,0.54023,0.11089,1.0
58.0,57.0,56.0,56.0,54.0,43.0,52.804,31.474,5.6614,0.31165,0.017227,0.0,0.0,0.0,0.49127,0.076738,1.0
59.0,56.0,53.0,49.0,46.0,36.0,15.256,6.5828,1.2743,0.16006,0.0,0.0,0.0,0.0,0.48021,0.13831,1.0
19.0,19.0,18.0,16.0,14.0,8.0,67.001,13.784,5.3185,1.2998,0.18568,0.025092,0.0,0.0,0.55449,0.10137,1.0
52.0,51.0,51.0,50.0,48.0,34.0,22.952,10.029,4.4235,0.51314,0.054096,0.023184,0.0,0.0,0.49706,0.10046,0.0
48.0,45.0,41.0,39.0,36.0,26.0,59.437,18.802,8.4795,1.2871,0.094251,0.001545,0.001545,0.0,0.48904,0.10352,1.0
13.0,13.0,11.0,10.0,10.0,8.0,4.6529,0.86456,0.028768,0.0,0.0,0.0,0.0,0.0,0.52103,0.12264,1.0
20.0,20.0,19.0,19.0,13.0,13.0,174.36,12.882,7.297,2.1129,0.051882,0.007121,0.004069,0.004069,0.48228,0.087487,0.0
35.0,34.0,33.0,31.0,23.0,14.0,64.555,32.798,12.323,4.697,2.1011,1.0735,0.32498,0.12687,0.56896,0.089784,0.0
33.0,32.0,32.0,29.0,28.0,25.0,15.491,4.9741,0.93541,0.00474,0.0,0.0,0.0,0.0,0.54934,0.11851,1.0
22.0,22.0,20.0,19.0,16.0,13.0,7.6667,2.1889,0.16139,0.0,0.0,0.0,0.0,0.0,0.52832,0.15982,0.0
7.0,7.0,7.0,7.0,6.0,4.0,172.83,76.29,17.212,1.2017,0.012138,0.0,0.0,0.0,0.5122,0.14263,1.0
126.0,114.0,98.0,75.0,62.0,40.0,22.748,11.103,3.4323,1.6429,0.79651,0.59231,0.4832,0.32421,0.5372,0.14964,1.0
12.0,11.0,11.0,10.0,10.0,7.0,13.083,4.9923,0.17861,0.009814,0.003926,0.003926,0.003926,0.003926,0.5134,0.10501,1.0
75.0,74.0,71.0,66.0,61.0,48.0,31.128,18.11,3.2087,0.29781,0.013745,0.0,0.0,0.0,0.48267,0.11607,0.0
64.0,62.0,60.0,58.0,51.0,43.0,42.14,20.794,7.618,0.69538,0.13751,0.0,0.0,0.0,0.48581,0.087509,1.0
14.0,13.0,11.0,9.0,8.0,7.0,4.5639,0.81164,0.0,0.0,0.0,0.0,0.0,0.0,0.54152,0.1076,1.0
60.0,56.0,46.0,37.0,29.0,19.0,247.8,55.344,32.2,11.185,3.6424,1.8228,1.1324,0.31387,0.48911,0.077165,1.0
16.0,16.0,16.0,16.0,14.0,11.0,15.997,6.3117,0.8606,0.09064,0.003899,0.003899,0.003899,0.003899,0.52699,0.12475,0.0
15.0,15.0,15.0,13.0,11.0,8.0,119.14,41.5,12.315,0.78053,0.003947,0.003947,0.003947,0.003947,0.49949,0.11348,0.0
11.0,11.0,11.0,11.0,10.0,9.0,78.775,45.688,17.219,0.51234,0.008165,0.0,0.0,0.0,0.5402,0.082669,0.0
41.0,41.0,41.0,41.0,37.0,34.0,9.5041,3.1074,0.50063,0.0,0.0,0.0,0.0,0.0,0.52374,0.12915,0.0
8.0,8.0,8.0,7.0,7.0,6.0,114.22,7.1492,2.4535,0.21741,0.004064,0.0,0.0,0.0,0.56902,0.09753,0.0
16.0,16.0,16.0,15.0,14.0,13.0,8.5966,5.8369,0.045767,0.0,0.0,0.0,0.0,0.0,0.49489,0.14341,0.0
19.0,18.0,17.0,14.0,13.0,8.0,47.0,28.29,12.426,1.6005,0.086458,0.0,0.0,0.0,0.53251,0.086458,0.0
95.0,88.0,76.0,63.0,40.0,28.0,32.459,18.34,10.646,6.2152,4.3421,2.1888,1.4606,0.6136,0.50631,0.10834,1.0
74.0,71.0,67.0,61.0,57.0,41.0,85.852,39.98,9.742,0.33774,0.11567,0.029302,0.026217,0.016964,0.47569,0.12029,1.0
39.0,31.0,26.0,18.0,15.0,9.0,77.676,40.283,11.693,5.4572,3.8431,2.142,0.99298,0.29224,0.54695,0.11103,1.0
48.0,48.0,48.0,45.0,44.0,37.0,57.997,33.445,18.062,7.2478,2.4997,0.50707,0.058926,0.0,0.54897,0.088388,0.0
95.0,83.0,81.0,73.0,62.0,42.0,40.187,17.35,10.184,3.3187,1.3259,0.41155,0.034038,0.004642,0.47864,0.092831,1.0
17.0,15.0,14.0,13.0,10.0,5.0,55.232,3.3473,1.1039,0.012209,0.0,0.0,0.0,0.0,0.49236,0.11802,1.0
16.0,15.0,15.0,14.0,12.0,10.0,181.37,87.861,34.614,3.2963,0.003851,0.003851,0.003851,0.003851,0.52942,0.10782,0.0
60.0,55.0,48.0,35.0,24.0,17.0,65.725,30.541,8.4427,0.196,0.012511,0.0,0.0,0.0,0.51664,0.094873,1.0
72.0,71.0,71.0,68.0,58.0,43.0,54.611,27.766,12.302,7.5718,6.6209,0.94014,0.0,0.0,0.48426,0.10736,0.0
44.0,43.0,41.0,41.0,37.0,29.0,28.356,6.9356,2.3058,0.32372,0.0,0.0,0.0,0.0,0.50283,0.12674,1.0
43.0,43.0,43.0,42.0,35.0,27.0,18.78,8.4668,1.4419,0.11375,0.0,0.0,0.0,0.0,0.55141,0.10299,0.0
47.0,45.0,45.0,42.0,36.0,26.0,28.505,7.6755,1.5726,0.081556,0.0,0.0,0.0,0.0,0.51251,0.13541,1.0
16.0,14.0,13.0,11.0,8.0,5.0,201.13,93.514,45.163,7.4665,0.74686,0.10385,0.074476,0.041958,0.57924,0.088112,1.0
46.0,46.0,44.0,39.0,34.0,21.0,21.317,7.3655,3.6232,0.76431,0.51564,0.4592,0.38292,0.3341,0.55771,0.085432,1.0
30.0,29.0,27.0,22.0,14.0,11.0,133.23,43.207,14.785,1.5531,0.31102,0.027176,0.006039,0.0,0.55269,0.091594,1.0
8.0,8.0,7.0,7.0,6.0,4.0,120.88,52.935,8.5125,0.46681,0.007862,0.004914,0.004914,0.004914,0.53656,0.11007,0.0
25.0,25.0,24.0,22.0,20.0,18.0,11.997,6.3967,0.1703,0.003041,0.0,0.0,0.0,0.0,0.48059,0.13532,0.0
19.0,17.0,15.0,12.0,12.0,7.0,179.7,34.678,13.019,1.0452,0.023003,0.005001,0.002,0.0,0.47042,0.094014,1.0
22.0,20.0,16.0,13.0,10.0,7.0,87.695,36.084,15.665,1.653,0.0,0.0,0.0,0.0,0.5243,0.086838,1.0
16.0,15.0,15.0,12.0,11.0,8.0,173.14,76.572,28.766,2.5362,0.020797,0.001981,0.00099,0.00099,0.53794,0.098043,0.0
16.0,16.0,16.0,14.0,10.0,5.0,92.844,29.034,8.7019,1.2595,0.19805,0.1506,0.030946,0.0,0.53554,0.1145,1.0
114.0,110.0,93.0,76.0,51.0,27.0,189.37,27.807,13.991,0.89107,0.008232,0.0,0.0,0.0,0.57705,0.13171,1.0
21.0,18.0,16.0,13.0,11.0,9.0,54.151,24.695,6.9822,0.325,0.00488,0.003904,0.003904,0.003904,0.52869,0.072223,1.0
29.0,29.0,27.0,25.0,21.0,18.0,90.975,49.911,23.988,4.0475,0.75144,0.15898,0.014812,0.006912,0.48707,0.11553,0.0
25.0,25.0,24.0,22.0,21.0,14.0,12.546,7.019,0.10408,0.003061,0.0,0.0,0.0,0.0,0.53369,0.079588,1.0
41.0,41.0,41.0,41.0,38.0,34.0,48.451,28.87,12.934,2.7006,0.29116,0.0,0.0,0.0,0.4826,0.12324,0.0
36.0,35.0,32.0,29.0,27.0,21.0,3.2038,0.024433,0.001527,0.0,0.0,0.0,0.0,0.0,0.54585,0.10231,1.0
22.0,22.0,21.0,18.0,13.0,10.0,44.249,19.37,3.594,0.12991,0.035702,0.000992,0.000992,0.000992,0.5032,0.091237,0.0
16.0,16.0,16.0,15.0,12.0,10.0,213.45,40.048,19.07,2.6022,0.38723,0.006082,0.0,0.0,0.47522,0.11556,1.0
80.0,79.0,78.0,78.0,72.0,60.0,15.871,3.694,1.1229,0.06815,0.001549,0.0,0.0,0.0,0.56724,0.091383,1.0
66.0,65.0,65.0,64.0,63.0,53.0,11.103,4.009,0.39716,0.12927,0.076318,0.052955,0.035823,0.01869,0.5432,0.096565,1.0
31.0,31.0,30.0,29.0,25.0,19.0,151.93,45.043,22.53,5.7772,0.83056,0.12244,0.002041,0.0,0.51665,0.10816,0.0
45.0,40.0,34.0,30.0,19.0,12.0,123.3,39.026,20.515,7.3947,4.3465,1.504,1.0305,0.47445,0.52805,0.11267,1.0
45.0,45.0,42.0,37.0,35.0,27.0,33.327,13.394,2.8958,0.31563,0.006129,0.0,0.0,0.0,0.51258,0.10419,1.0
60.0,56.0,46.0,37.0,29.0,19.0,247.8,55.344,32.2,11.185,3.6424,1.8228,1.1324,0.31387,0.48911,0.077165,1.0
58.0,58.0,56.0,53.0,49.0,39.0,55.493,25.366,5.5754,0.24221,0.007813,0.0,0.0,0.0,0.4811,0.11407,1.0
9.0,9.0,9.0,9.0,8.0,5.0,196.17,36.53,18.431,3.606,0.05935,0.0,0.0,0.0,0.5215,0.10847,0.0
41.0,39.0,35.0,32.0,25.0,19.0,131.12,49.077,32.095,23.237,19.666,0.17265,0.008173,0.002043,0.51606,0.098076,1.0
67.0,66.0,66.0,64.0,61.0,55.0,51.07,25.921,15.033,4.4378,0.16542,0.003181,0.001591,0.0,0.49841,0.082712,1.0
57.0,54.0,52.0,52.0,48.0,39.0,44.104,25.885,11.162,2.2348,0.15492,0.024542,0.001534,0.0,0.51604,0.11504,0.0
105.0,97.0,88.0,77.0,66.0,43.0,20.8,5.0166,1.3634,0.21698,0.009233,0.001539,0.001539,0.001539,0.55542,0.11234,1.0
16.0,14.0,13.0,12.0,9.0,6.0,68.003,13.919,5.6144,1.1968,0.61077,0.30693,0.17922,0.086518,0.51867,0.093727,1.0
79.0,79.0,75.0,72.0,67.0,44.0,26.922,9.9652,2.3594,0.39607,0.044867,0.006189,0.0,0.0,0.53427,0.12377,1.0
95.0,88.0,76.0,63.0,40.0,28.0,32.459,18.34,10.646,6.2152,4.3421,2.1888,1.4606,0.6136,0.50631,0.10834,1.0
19.0,19.0,18.0,16.0,12.0,11.0,32.665,13.683,4.3258,0.41333,0.10749,0.04104,0.003909,0.003909,0.50517,0.10455,0.0
3.0,3.0,3.0,3.0,3.0,3.0,274.76,37.709,21.161,1.4877,0.0,0.0,0.0,0.0,0.52114,0.11664,0.0
42.0,42.0,41.0,40.0,39.0,32.0,14.581,5.6382,0.73657,0.004652,0.0,0.0,0.0,0.0,0.49626,0.10544,0.0
35.0,35.0,35.0,33.0,30.0,24.0,34.069,20.251,5.2915,0.32681,0.067194,0.0,0.0,0.0,0.53613,0.13133,0.0
6.0,5.0,4.0,3.0,3.0,3.0,46.986,8.0037,2.2832,0.011128,0.0,0.0,0.0,0.0,0.52646,0.11026,1.0
74.0,68.0,64.0,47.0,33.0,23.0,31.973,15.065,1.6793,0.77512,0.48407,0.32205,0.20103,0.037006,0.51215,0.091014,1.0
72.0,71.0,71.0,68.0,58.0,43.0,54.611,27.766,12.302,7.5718,6.6209,0.94014,0.0,0.0,0.48426,0.10736,0.0
48.0,47.0,46.0,44.0,40.0,29.0,99.177,54.851,20.678,7.2835,1.373,0.054797,0.001522,0.0,0.56254,0.12329,0.0
76.0,74.0,72.0,72.0,66.0,42.0,23.312,7.9436,2.0676,0.2737,0.1392,0.059432,0.0,0.0,0.53335,0.092277,1.0
65.0,63.0,58.0,53.0,43.0,23.0,26.039,8.3043,4.6116,1.3145,0.42207,0.21025,0.14796,0.13238,0.50443,0.10902,1.0
61.0,60.0,58.0,57.0,54.0,42.0,32.029,12.793,3.6584,0.32715,0.023592,0.020447,0.014155,0.006291,0.5759,0.10223,0.0
19.0,19.0,19.0,18.0,16.0,7.0,112.33,60.839,13.95,0.77552,0.003967,0.000992,0.000992,0.000992,0.49735,0.096197,0.0
17.0,17.0,15.0,13.0,10.0,4.0,18.929,6.0811,1.5728,0.17577,0.007071,0.0,0.0,0.0,0.56814,0.091924,0.0
70.0,64.0,61.0,54.0,51.0,34.0,29.074,9.4814,4.4877,1.1962,0.17219,0.051811,0.006095,0.001524,0.48902,0.091431,1.0
47.0,47.0,46.0,43.0,38.0,29.0,54.136,27.572,8.3952,2.021,0.31592,0.017035,0.0,0.0,0.52694,0.096016,0.0
37.0,35.0,34.0,30.0,28.0,22.0,20.994,11.376,0.98188,0.025879,0.0,0.0,0.0,0.0,0.52013,0.1233,1.0
8.0,8.0,8.0,6.0,5.0,3.0,168.59,23.992,9.6445,1.0255,0.084072,0.001038,0.001038,0.0,0.51073,0.097566,1.0
114.0,110.0,93.0,76.0,51.0,27.0,189.37,27.807,13.991,0.89107,0.008232,0.0,0.0,0.0,0.57705,0.13171,1.0
9.0,9.0,9.0,9.0,9.0,6.0,109.59,71.294,18.157,0.80678,0.020767,0.0,0.0,0.0,0.58522,0.089296,0.0
36.0,36.0,35.0,33.0,27.0,19.0,49.718,24.471,12.51,1.2816,0.079621,0.037412,0.003837,0.003837,0.47883,0.099766,0.0
96.0,86.0,82.0,71.0,59.0,42.0,30.684,13.964,6.0407,3.7874,2.2654,1.9005,1.601,1.3395,0.49971,0.10187,1.0
55.0,53.0,53.0,50.0,43.0,31.0,40.467,18.446,9.1189,3.0794,0.84026,0.27243,0.007653,0.001531,0.48328,0.11479,0.0
22.0,22.0,19.0,17.0,15.0,11.0,5.4681,2.5199,0.15557,0.0,0.0,0.0,0.0,0.0,0.54681,0.17405,1.0
107.0,98.0,77.0,63.0,47.0,28.0,199.43,44.821,25.535,7.709,0.24247,0.011447,0.003122,0.002081,0.49131,0.1384,1.0
40.0,39.0,39.0,39.0,37.0,32.0,7.7837,2.6692,0.001544,0.0,0.0,0.0,0.0,0.0,0.57295,0.1482,0.0
14.0,13.0,13.0,12.0,12.0,11.0,129.33,23.087,9.6365,2.4056,0.33796,0.10619,0.006126,0.002042,0.51281,0.1164,0.0
48.0,47.0,46.0,43.0,41.0,27.0,40.16,15.297,6.0167,1.5911,0.39359,0.088481,0.0,0.0,0.55275,0.11442,1.0
48.0,48.0,48.0,45.0,44.0,37.0,57.997,33.445,18.062,7.2478,2.4997,0.50707,0.058926,0.0,0.54897,0.088388,0.0
7.0,6.0,5.0,5.0,4.0,4.0,39.544,16.924,1.2624,0.18494,0.042599,0.039482,0.021819,0.02078,0.55171,0.11013,1.0
48.0,48.0,47.0,45.0,41.0,32.0,78.633,46.102,7.1421,0.69232,0.001552,0.0,0.0,0.0,0.50301,0.11332,0.0
49.0,48.0,48.0,48.0,47.0,43.0,45.664,31.846,6.0415,0.34732,0.0,0.0,0.0,0.0,0.49599,0.11681,0.0
69.0,65.0,63.0,56.0,51.0,39.0,30.936,13.609,4.4437,0.72015,0.042994,0.006142,0.0,0.0,0.56363,0.10288,1.0
67.0,67.0,66.0,63.0,59.0,41.0,24.097,8.6203,2.4345,0.95038,0.091236,0.0,0.0,0.0,0.4692,0.097319,1.0
39.0,31.0,26.0,18.0,15.0,9.0,77.676,40.283,11.693,5.4572,3.8431,2.142,0.99298,0.29224,0.54695,0.11103,1.0
48.0,47.0,46.0,43.0,41.0,27.0,40.16,15.297,6.0167,1.5911,0.39359,0.088481,0.0,0.0,0.55275,0.11442,1.0
14.0,13.0,13.0,12.0,12.0,11.0,129.33,23.087,9.6365,2.4056,0.33796,0.10619,0.006126,0.002042,0.51281,0.1164,0.0
87.0,82.0,80.0,77.0,72.0,46.0,30.018,6.742,2.1931,0.26175,0.0,0.0,0.0,0.0,0.51677,0.10067,0.0
20.0,20.0,19.0,18.0,15.0,12.0,40.869,20.557,4.7717,0.087234,0.003877,0.003877,0.003877,0.003877,0.48139,0.098865,0.0
4.0,4.0,4.0,3.0,3.0,1.0,38.762,17.267,1.1329,0.002871,0.000957,0.0,0.0,0.0,0.50984,0.12248,0.0
7.0,6.0,5.0,5.0,4.0,4.0,39.544,16.924,1.2624,0.18494,0.042599,0.039482,0.021819,0.02078,0.55171,0.11013,1.0
42.0,41.0,40.0,37.0,34.0,22.0,29.99,11.839,1.1124,0.0,0.0,0.0,0.0,0.0,0.51187,0.13984,1.0
19.0,19.0,18.0,15.0,12.0,7.0,39.835,6.0675,1.3712,0.18684,0.025302,0.003893,0.003893,0.003893,0.55641,0.11191,1.0
60.0,59.0,57.0,54.0,48.0,32.0,71.853,35.941,8.9671,1.0196,0.056139,0.0,0.0,0.0,0.4831,0.098623,0.0
13.0,13.0,12.0,9.0,7.0,5.0,110.73,41.007,16.032,1.4686,0.042136,0.0,0.0,0.0,0.4858,0.10894,0.0
50.0,50.0,49.0,45.0,41.0,29.0,73.373,44.244,14.46,6.8704,3.1069,1.24,0.15869,0.093347,0.47834,0.10891,0.0
101.0,87.0,73.0,60.0,42.0,24.0,145.8,15.769,6.6479,0.37264,0.004039,0.0,0.0,0.0,0.56897,0.064631,1.0
22.0,20.0,18.0,15.0,12.0,9.0,122.65,78.996,43.289,2.5264,0.049578,0.00723,0.0,0.0,0.50616,0.12291,1.0
41.0,41.0,40.0,40.0,38.0,35.0,6.0901,0.83449,0.02746,0.0,0.0,0.0,0.0,0.0,0.50688,0.091535,0.0
43.0,42.0,42.0,40.0,39.0,34.0,21.613,9.6693,0.90344,0.27476,0.12884,0.082272,0.066749,0.058987,0.54118,0.099347,1.0
3.0,3.0,3.0,2.0,2.0,2.0,5.145,1.3737,0.073061,0.004807,0.001923,0.001923,0.001923,0.001923,0.51134,0.12786,1.0
57.0,57.0,56.0,55.0,55.0,37.0,11.144,1.0814,0.11847,0.0,0.0,0.0,0.0,0.0,0.52008,0.11391,1.0
7.0,6.0,5.0,5.0,4.0,4.0,39.544,16.924,1.2624,0.18494,0.042599,0.039482,0.021819,0.02078,0.55171,0.11013,1.0
17.0,17.0,15.0,13.0,10.0,4.0,18.929,6.0811,1.5728,0.17577,0.007071,0.0,0.0,0.0,0.56814,0.091924,0.0
67.0,67.0,66.0,63.0,59.0,41.0,24.097,8.6203,2.4345,0.95038,0.091236,0.0,0.0,0.0,0.4692,0.097319,1.0
29.0,29.0,27.0,25.0,21.0,18.0,90.975,49.911,23.988,4.0475,0.75144,0.15898,0.014812,0.006912,0.48707,0.11553,0.0
81.0,75.0,71.0,65.0,56.0,36.0,41.307,14.215,4.7775,0.68093,0.1148,0.023589,0.00629,0.003145,0.54784,0.1148,1.0
19.0,19.0,18.0,15.0,12.0,7.0,39.835,6.0675,1.3712,0.18684,0.025302,0.003893,0.003893,0.003893,0.55641,0.11191,1.0
13.0,13.0,13.0,13.0,11.0,7.0,81.194,45.889,24.588,4.2386,0.41051,0.068252,0.002007,0.001004,0.50288,0.10639,0.0
10.0,9.0,9.0,9.0,7.0,7.0,71.803,26.284,8.7749,0.37209,0.007917,0.005938,0.005938,0.005938,0.49247,0.091044,0.0
24.0,24.0,23.0,21.0,20.0,17.0,8.9172,3.3216,0.59254,0.29474,0.14203,0.083994,0.05956,0.035125,0.5653,0.099266,1.0
31.0,30.0,25.0,23.0,20.0,14.0,88.279,23.238,9.0444,2.8282,1.158,0.8273,0.62825,0.29132,0.55745,0.089158,1.0
51.0,43.0,42.0,36.0,29.0,21.0,29.585,9.5364,1.358,0.5168,0.1435,0.053032,0.032235,0.021837,0.57715,0.12374,1.0
47.0,46.0,46.0,44.0,43.0,33.0,46.581,22.864,4.0167,0.56476,0.12842,0.075817,0.060344,0.05106,0.51718,0.095931,0.0
40.0,36.0,30.0,26.0,20.0,13.0,28.422,11.601,2.9041,1.0442,0.34166,0.17184,0.078845,0.007076,0.47296,0.095018,1.0
65.0,64.0,63.0,60.0,55.0,40.0,52.34,26.4,5.8941,0.67344,0.016836,0.001531,0.0,0.0,0.53668,0.099485,1.0
41.0,41.0,41.0,39.0,37.0,33.0,7.5384,3.5142,0.40808,0.012556,0.003139,0.003139,0.003139,0.0,0.53843,0.12556,0.0
10.0,10.0,9.0,9.0,7.0,4.0,17.352,7.6236,0.45455,0.034891,0.0,0.0,0.0,0.0,0.49773,0.098857,0.0
13.0,13.0,12.0,12.0,11.0,6.0,29.245,14.74,0.66817,0.017305,0.000961,0.0,0.0,0.0,0.49661,0.099985,0.0
64.0,64.0,63.0,58.0,55.0,40.0,19.673,6.0649,0.90734,0.080105,0.0,0.0,0.0,0.0,0.55118,0.098591,0.0
92.0,87.0,82.0,74.0,71.0,52.0,29.971,11.818,1.9097,0.13696,0.006155,0.0,0.0,0.0,0.54435,0.10772,1.0
41.0,41.0,41.0,39.0,37.0,33.0,7.5384,3.5142,0.40808,0.012556,0.003139,0.003139,0.003139,0.0,0.53843,0.12556,0.0
66.0,66.0,58.0,49.0,45.0,30.0,16.998,7.2254,2.9571,1.7125,1.2234,0.95845,0.75101,0.34219,0.51392,0.15444,1.0
141.0,130.0,110.0,84.0,62.0,34.0,88.464,44.141,20.073,8.0165,4.467,2.5211,1.7083,0.75139,0.52438,0.096694,1.0
45.0,45.0,44.0,40.0,38.0,29.0,20.348,10.92,0.072174,0.0,0.0,0.0,0.0,0.0,0.48931,0.11924,1.0
16.0,15.0,15.0,15.0,14.0,11.0,110.48,44.961,13.155,1.0972,0.037361,0.006882,0.005899,0.004916,0.54068,0.079638,1.0
5.0,5.0,5.0,5.0,4.0,3.0,133.05,6.8909,2.7184,0.1699,0.01794,0.011608,0.003166,0.001055,0.58863,0.10975,1.0
41.0,41.0,41.0,41.0,38.0,34.0,48.451,28.87,12.934,2.7006,0.29116,0.0,0.0,0.0,0.4826,0.12324,0.0
65.0,63.0,58.0,53.0,43.0,23.0,26.039,8.3043,4.6116,1.3145,0.42207,0.21025,0.14796,0.13238,0.50443,0.10902,1.0
24.0,24.0,23.0,21.0,20.0,17.0,8.9172,3.3216,0.59254,0.29474,0.14203,0.083994,0.05956,0.035125,0.5653,0.099266,1.0
114.0,110.0,93.0,76.0,51.0,27.0,189.37,27.807,13.991,0.89107,0.008232,0.0,0.0,0.0,0.57705,0.13171,1.0
41.0,41.0,40.0,40.0,38.0,35.0,6.0901,0.83449,0.02746,0.0,0.0,0.0,0.0,0.0,0.50688,0.091535,0.0
56.0,56.0,55.0,53.0,42.0,28.0,53.587,21.609,11.923,4.3283,0.92848,0.22829,0.0,0.0,0.47271,0.11644,0.0
52.0,48.0,46.0,41.0,36.0,29.0,6.9221,3.1888,1.5026,1.0391,0.86642,0.0,0.0,0.0,0.5391,0.10577,1.0
8.0,8.0,6.0,6.0,4.0,3.0,61.251,13.856,2.1078,0.13141,0.0,0.0,0.0,0.0,0.54697,0.10534,1.0
46.0,45.0,44.0,43.0,39.0,33.0,32.787,13.398,4.9219,1.0691,0.016946,0.004622,0.001541,0.001541,0.51665,0.11092,0.0
60.0,56.0,46.0,37.0,29.0,19.0,247.8,55.344,32.2,11.185,3.6424,1.8228,1.1324,0.31387,0.48911,0.077165,1.0
41.0,41.0,41.0,40.0,37.0,20.0,29.522,12.074,2.5603,0.21567,0.044674,0.0,0.0,0.0,0.52722,0.087807,0.0
54.0,54.0,54.0,53.0,51.0,41.0,14.512,7.2662,0.5979,0.018588,0.0,0.0,0.0,0.0,0.49118,0.11617,1.0
26.0,26.0,24.0,23.0,22.0,14.0,60.563,29.498,16.514,1.3036,0.18843,0.024996,0.003846,0.003846,0.54493,0.08364,0.0
41.0,40.0,38.0,30.0,20.0,13.0,33.527,24.008,19.594,15.377,13.438,1.5678,0.37456,0.26043,0.53088,0.12866,1.0
53.0,51.0,51.0,50.0,46.0,38.0,13.222,4.7729,2.3857,0.73523,0.041185,0.0,0.0,0.0,0.5147,0.13576,1.0
77.0,74.0,72.0,69.0,64.0,51.0,39.948,18.663,6.9141,2.1757,0.4196,0.10723,0.023311,0.006216,0.5458,0.099461,1.0
45.0,45.0,45.0,45.0,42.0,32.0,21.136,6.7075,0.55666,0.019935,0.0,0.0,0.0,0.0,0.54104,0.10734,0.0
42.0,38.0,32.0,24.0,15.0,9.0,69.504,23.655,12.949,5.9372,3.243,1.8463,0.6818,0.29087,0.5365,0.099021,1.0
56.0,56.0,55.0,53.0,42.0,28.0,53.587,21.609,11.923,4.3283,0.92848,0.22829,0.0,0.0,0.47271,0.11644,0.0
25.0,25.0,24.0,23.0,22.0,19.0,17.034,9.9769,1.0672,0.48483,0.46779,0.3067,0.18898,0.13011,0.552,0.10843,0.0
5.0,5.0,5.0,4.0,4.0,4.0,34.652,19.532,6.9431,0.076804,0.0,0.0,0.0,0.0,0.55329,0.072708,0.0
60.0,57.0,57.0,54.0,53.0,34.0,11.453,3.4674,0.11356,0.0,0.0,0.0,0.0,0.0,0.52301,0.10296,1.0
51.0,50.0,46.0,44.0,39.0,28.0,47.453,12.948,6.4364,1.9303,0.59927,0.040054,0.012324,0.0,0.48883,0.11554,1.0
48.0,46.0,45.0,44.0,40.0,34.0,118.28,72.204,31.32,8.6081,1.7858,0.46987,0.003071,0.0,0.53079,0.098273,0.0
29.0,29.0,28.0,26.0,24.0,18.0,189.75,46.438,22.669,4.6966,0.7301,0.28734,0.10634,0.068511,0.49407,0.12168,1.0
48.0,43.0,39.0,32.0,27.0,18.0,23.013,6.7376,2.4039,0.18923,0.011437,0.0,0.0,0.0,0.50155,0.13829,1.0
42.0,36.0,26.0,22.0,16.0,9.0,159.74,27.652,10.216,2.9123,1.2387,0.77701,0.5266,0.12263,0.5431,0.11439,1.0
5.0,4.0,4.0,4.0,4.0,4.0,77.651,2.0388,0.32242,0.0,0.0,0.0,0.0,0.0,0.50769,0.10642,1.0
48.0,46.0,46.0,44.0,43.0,30.0,13.614,4.4734,0.42906,0.0,0.0,0.0,0.0,0.0,0.55301,0.10068,1.0
33.0,33.0,33.0,32.0,32.0,31.0,4.6453,0.23359,0.003115,0.0,0.0,0.0,0.0,0.0,0.51536,0.099665,1.0
19.0,17.0,15.0,12.0,12.0,7.0,179.7,34.678,13.019,1.0452,0.023003,0.005001,0.002,0.0,0.47042,0.094014,1.0
64.0,63.0,62.0,57.0,55.0,29.0,36.206,7.8752,3.1179,0.17313,0.0,0.0,0.0,0.0,0.56835,0.087332,0.0
16.0,15.0,15.0,13.0,12.0,10.0,59.5,31.196,9.5542,0.33082,0.022248,0.001935,0.001935,0.0,0.54557,0.10834,0.0
43.0,41.0,41.0,37.0,30.0,23.0,13.585,4.3312,0.88885,0.010691,0.0,0.0,0.0,0.0,0.53781,0.091634,1.0
9.0,9.0,9.0,8.0,7.0,6.0,59.255,22.682,3.6282,0.12791,0.0,0.0,0.0,0.0,0.4883,0.087305,0.0
41.0,39.0,35.0,26.0,21.0,9.0,71.477,14.144,3.0249,0.59936,0.2205,0.15134,0.11626,0.075171,0.53095,0.11125,1.0
52.0,52.0,51.0,48.0,46.0,32.0,22.034,7.6567,1.3938,0.082817,0.0,0.0,0.0,0.0,0.50783,0.1422,1.0
72.0,70.0,62.0,56.0,43.0,32.0,44.071,13.774,7.1559,3.7625,2.7505,0.20776,0.078557,0.01137,0.53077,0.088894,1.0
24.0,24.0,22.0,21.0,20.0,16.0,61.787,21.006,5.8481,0.47648,0.02205,0.006711,0.006711,0.005752,0.47967,0.075738,0.0
35.0,33.0,32.0,31.0,31.0,26.0,6.1939,1.6256,0.10806,0.0,0.0,0.0,0.0,0.0,0.5171,0.08457,1.0
42.0,36.0,26.0,22.0,16.0,9.0,159.74,27.652,10.216,2.9123,1.2387,0.77701,0.5266,0.12263,0.5431,0.11439,1.0
45.0,45.0,45.0,43.0,40.0,32.0,84.358,50.977,17.294,1.9744,0.0,0.0,0.0,0.0,0.54601,0.11238,0.0
35.0,35.0,35.0,33.0,30.0,24.0,34.069,20.251,5.2915,0.32681,0.067194,0.0,0.0,0.0,0.53613,0.13133,0.0
12.0,11.0,11.0,10.0,9.0,8.0,87.874,15.997,6.4563,1.2402,0.007041,0.001006,0.0,0.0,0.52372,0.11466,1.0
18.0,18.0,18.0,16.0,13.0,12.0,168.18,91.058,33.551,3.9107,0.065341,0.002926,0.0,0.0,0.53281,0.096549,0.0
19.0,19.0,19.0,18.0,15.0,9.0,13.115,5.8454,0.15433,0.050435,0.0,0.0,0.0,0.0,0.48448,0.10995,0.0
8.0,7.0,6.0,6.0,4.0,3.0,65.152,15.388,4.386,0.41074,0.037617,0.001017,0.0,0.0,0.48723,0.12302,1.0
50.0,47.0,45.0,44.0,37.0,25.0,93.844,55.033,15.05,1.3883,0.051812,0.0,0.0,0.0,0.50449,0.10362,1.0
51.0,43.0,42.0,36.0,29.0,21.0,29.585,9.5364,1.358,0.5168,0.1435,0.053032,0.032235,0.021837,0.57715,0.12374,1.0
15.0,15.0,15.0,13.0,11.0,8.0,119.14,41.5,12.315,0.78053,0.003947,0.003947,0.003947,0.003947,0.49949,0.11348,0.0
26.0,25.0,25.0,25.0,25.0,17.0,6.3803,1.6764,0.02454,0.0,0.0,0.0,0.0,0.0,0.5496,0.092023,0.0
15.0,15.0,15.0,14.0,11.0,6.0,82.703,20.592,4.5636,0.31234,0.003856,0.003856,0.003856,0.003856,0.53348,0.095437,0.0
99.0,98.0,68.0,53.0,42.0,27.0,298.07,50.27,33.694,10.989,6.1244,1.749,0.35844,0.18128,0.55648,0.11742,1.0
38.0,38.0,37.0,36.0,36.0,27.0,45.618,22.304,3.1359,0.47139,0.043705,0.0,0.0,0.0,0.54268,0.096776,0.0
12.0,12.0,12.0,11.0,8.0,5.0,77.349,20.199,4.7165,0.26388,0.003909,0.003909,0.003909,0.003909,0.52251,0.089913,0.0
13.0,13.0,12.0,11.0,11.0,3.0,48.546,27.19,1.0591,0.075935,0.0,0.0,0.0,0.0,0.49315,0.14299,1.0
6.0,6.0,6.0,6.0,5.0,4.0,47.063,17.401,2.6145,0.24402,0.01743,0.0,0.0,0.0,0.52922,0.10868,0.0
19.0,17.0,16.0,15.0,10.0,6.0,27.013,9.422,0.77345,0.027729,0.0,0.0,0.0,0.0,0.5394,0.098043,1.0
33.0,32.0,32.0,29.0,28.0,25.0,15.491,4.9741,0.93541,0.00474,0.0,0.0,0.0,0.0,0.54934,0.11851,1.0
12.0,12.0,12.0,12.0,11.0,9.0,102.52,61.517,11.33,0.70027,0.0,0.0,0.0,0.0,0.48711,0.11291,0.0
3.0,3.0,3.0,3.0,3.0,3.0,99.234,8.686,2.0468,0.027372,0.0,0.0,0.0,0.0,0.50385,0.12773,0.0
17.0,16.0,9.0,5.0,5.0,3.0,200.99,18.937,11.298,2.6578,0.51731,0.32777,0.10891,0.008378,0.57874,0.087964,1.0
19.0,17.0,15.0,12.0,12.0,7.0,179.7,34.678,13.019,1.0452,0.023003,0.005001,0.002,0.0,0.47042,0.094014,1.0
17.0,16.0,13.0,13.0,10.0,7.0,66.667,32.733,10.231,1.204,0.10115,0.042229,0.00491,0.002946,0.55617,0.087405,1.0
17.0,14.0,11.0,10.0,7.0,6.0,82.151,51.167,26.437,7.7401,3.0265,1.1267,0.51089,0.18551,0.56816,0.10393,0.0
43.0,42.0,40.0,39.0,37.0,30.0,50.6,34.195,14.056,1.457,0.20151,0.0,0.0,0.0,0.54102,0.1116,0.0
62.0,59.0,55.0,51.0,41.0,26.0,32.35,11.285,3.5645,1.3465,0.11682,0.039965,0.001537,0.001537,0.52927,0.12912,1.0
12.0,12.0,12.0,11.0,8.0,5.0,77.349,20.199,4.7165,0.26388,0.003909,0.003909,0.003909,0.003909,0.52251,0.089913,0.0
25.0,23.0,23.0,21.0,20.0,14.0,10.903,7.3888,0.20468,0.0,0.0,0.0,0.0,0.0,0.55694,0.093038,1.0
87.0,80.0,69.0,57.0,44.0,27.0,127.09,38.179,14.891,3.1477,0.818,0.029802,0.0,0.0,0.52981,0.15517,1.0
3.0,3.0,3.0,3.0,3.0,3.0,39.12,0.40431,0.10618,0.0,0.0,0.0,0.0,0.0,0.49621,0.10108,0.0
33.0,33.0,32.0,30.0,26.0,17.0,3.8894,0.9284,0.073505,0.0,0.0,0.0,0.0,0.0,0.50881,0.11185,1.0
71.0,70.0,70.0,69.0,67.0,64.0,9.9521,4.8053,0.23902,0.017073,0.0,0.0,0.0,0.0,0.5599,0.083814,1.0
29.0,29.0,28.0,24.0,23.0,19.0,7.5103,2.9386,0.37651,0.0,0.0,0.0,0.0,0.0,0.50846,0.12856,1.0
41.0,41.0,41.0,40.0,36.0,25.0,64.173,34.181,7.1073,0.47085,0.049079,0.0,0.0,0.0,0.51323,0.11656,1.0
64.0,63.0,62.0,60.0,57.0,54.0,36.052,13.941,2.9043,0.031145,0.0,0.0,0.0,0.0,0.55283,0.14638,1.0
69.0,66.0,64.0,60.0,55.0,41.0,56.383,25.206,15.569,3.0983,0.18661,0.049351,0.0,0.0,0.49782,0.087906,0.0
22.0,20.0,16.0,13.0,10.0,7.0,87.695,36.084,15.665,1.653,0.0,0.0,0.0,0.0,0.5243,0.086838,1.0
69.0,65.0,63.0,56.0,51.0,39.0,30.936,13.609,4.4437,0.72015,0.042994,0.006142,0.0,0.0,0.56363,0.10288,1.0
72.0,70.0,62.0,56.0,43.0,32.0,44.071,13.774,7.1559,3.7625,2.7505,0.20776,0.078557,0.01137,0.53077,0.088894,1.0
47.0,45.0,44.0,41.0,37.0,26.0,18.312,10.214,0.80789,0.010855,0.0,0.0,0.0,0.0,0.52618,0.10855,1.0
26.0,26.0,26.0,25.0,23.0,19.0,18.197,8.4638,0.34703,0.007678,0.0,0.0,0.0,0.0,0.51485,0.11056,0.0
8.0,7.0,6.0,6.0,4.0,3.0,65.152,15.388,4.386,0.41074,0.037617,0.001017,0.0,0.0,0.48723,0.12302,1.0
9.0,9.0,9.0,9.0,7.0,7.0,201.46,21.651,11.573,1.4098,0.003089,0.0,0.0,0.0,0.57982,0.091651,0.0
40.0,40.0,39.0,36.0,34.0,26.0,11.941,5.1974,0.46725,0.14017,0.0,0.0,0.0,0.0,0.56516,0.10902,0.0
18.0,18.0,13.0,11.0,8.0,4.0,61.612,21.056,3.0284,0.40918,0.087237,0.015578,0.0,0.0,0.55573,0.087237,1.0
89.0,86.0,79.0,69.0,59.0,37.0,12.236,6.122,1.2083,0.74811,0.54242,0.0,0.0,0.0,0.53374,0.10361,1.0
14.0,14.0,12.0,10.0,8.0,7.0,16.425,2.9114,2.2868,1.5104,1.0073,0.47377,0.10933,0.034419,0.48071,0.08706,1.0
41.0,41.0,41.0,40.0,37.0,20.0,29.522,12.074,2.5603,0.21567,0.044674,0.0,0.0,0.0,0.52722,0.087807,0.0
29.0,29.0,27.0,25.0,21.0,18.0,90.975,49.911,23.988,4.0475,0.75144,0.15898,0.014812,0.006912,0.48707,0.11553,0.0
31.0,31.0,29.0,27.0,27.0,19.0,5.4105,1.061,0.014168,0.0,0.0,0.0,0.0,0.0,0.53432,0.13538,0.0
28.0,28.0,28.0,25.0,22.0,21.0,6.042,2.0115,0.071458,0.0,0.0,0.0,0.0,0.0,0.55243,0.13531,0.0
91.0,90.0,86.0,76.0,68.0,48.0,6.3484,0.88201,0.26904,0.0,0.0,0.0,0.0,0.0,0.49547,0.12382,1.0
48.0,47.0,46.0,44.0,41.0,28.0,54.523,24.531,10.933,1.5334,0.064986,0.001547,0.0,0.0,0.56833,0.13307,0.0
60.0,59.0,57.0,54.0,48.0,32.0,71.853,35.941,8.9671,1.0196,0.056139,0.0,0.0,0.0,0.4831,0.098623,0.0
15.0,15.0,15.0,15.0,12.0,10.0,55.832,8.7135,2.0603,0.08491,0.00488,0.00488,0.00488,0.00488,0.49288,0.122,0.0
65.0,64.0,64.0,61.0,59.0,51.0,19.022,5.646,2.6535,0.62733,0.14878,0.010737,0.001534,0.0,0.49634,0.11504,1.0
60.0,58.0,56.0,54.0,49.0,37.0,17.134,7.8793,3.4867,0.12656,0.003087,0.0,0.0,0.0,0.53461,0.086434,1.0
65.0,65.0,64.0,63.0,59.0,47.0,40.637,20.051,1.1392,0.059877,0.0,0.0,0.0,0.0,0.54139,0.09519,0.0
14.0,14.0,13.0,12.0,10.0,6.0,30.861,19.038,10.306,1.8489,0.87364,0.49621,0.054351,0.0,0.53652,0.096624,0.0
41.0,41.0,41.0,39.0,38.0,30.0,19.668,6.117,1.4265,0.25237,0.010772,0.001539,0.0,0.0,0.50182,0.11542,0.0
79.0,68.0,65.0,59.0,54.0,40.0,38.833,15.447,8.0733,3.5479,0.89668,0.22845,0.032635,0.010878,0.51162,0.10568,1.0
2.0,2.0,2.0,2.0,2.0,1.0,9.0661,1.2154,0.071435,0.0,0.0,0.0,0.0,0.0,0.5781,0.13252,0.0
53.0,53.0,50.0,43.0,41.0,30.0,44.194,27.205,4.6375,1.2608,0.17813,0.004647,0.0,0.0,0.53424,0.13011,0.0
44.0,43.0,41.0,41.0,37.0,29.0,28.356,6.9356,2.3058,0.32372,0.0,0.0,0.0,0.0,0.50283,0.12674,1.0
72.0,69.0,68.0,62.0,56.0,46.0,24.847,12.754,2.5379,0.20486,0.053509,0.021404,0.0,0.0,0.52309,0.12231,1.0
21.0,20.0,19.0,17.0,13.0,6.0,27.482,5.5792,1.9844,1.1102,0.65351,0.50852,0.23821,0.053855,0.51949,0.10978,1.0
51.0,50.0,46.0,44.0,39.0,28.0,47.453,12.948,6.4364,1.9303,0.59927,0.040054,0.012324,0.0,0.48883,0.11554,1.0
18.0,17.0,16.0,16.0,14.0,12.0,2.7947,0.75092,0.039274,0.0,0.0,0.0,0.0,0.0,0.56597,0.12725,1.0
29.0,29.0,29.0,24.0,22.0,16.0,12.991,7.6961,0.2522,0.0,0.0,0.0,0.0,0.0,0.53248,0.099025,0.0
26.0,26.0,24.0,23.0,22.0,14.0,60.563,29.498,16.514,1.3036,0.18843,0.024996,0.003846,0.003846,0.54493,0.08364,0.0
13.0,13.0,13.0,13.0,11.0,7.0,81.194,45.889,24.588,4.2386,0.41051,0.068252,0.002007,0.001004,0.50288,0.10639,0.0
11.0,11.0,9.0,9.0,8.0,5.0,13.936,6.8571,2.1384,1.0272,0.67556,0.43568,0.33317,0.041005,0.5237,0.10866,1.0
17.0,16.0,16.0,16.0,12.0,10.0,54.483,14.8,3.2036,0.15594,0.01462,0.003899,0.0,0.0,0.52277,0.081869,0.0
13.0,13.0,12.0,12.0,11.0,7.0,101.65,42.923,19.415,3.2448,0.4567,0.12713,0.012713,0.003912,0.52073,0.089971,0.0
71.0,69.0,66.0,62.0,58.0,43.0,41.586,13.626,4.1359,0.083274,0.006168,0.0,0.0,0.0,0.50781,0.12799,1.0
88.0,86.0,84.0,80.0,74.0,50.0,27.343,11.477,2.6821,0.36024,0.009439,0.0,0.0,0.0,0.52206,0.10068,0.0
21.0,21.0,21.0,20.0,18.0,16.0,54.024,19.423,8.2125,1.5895,0.003853,0.003853,0.001927,0.000963,0.41812,0.12042,0.0
17.0,17.0,14.0,14.0,10.0,9.0,40.097,22.947,4.9273,0.25917,0.014514,0.0,0.0,0.0,0.5379,0.094338,0.0
50.0,50.0,50.0,50.0,47.0,43.0,13.294,2.7374,0.85187,0.064699,0.0,0.0,0.0,0.0,0.4821,0.10013,1.0
63.0,63.0,63.0,59.0,57.0,48.0,13.558,5.3665,0.60408,0.051511,0.0,0.0,0.0,0.0,0.55294,0.11239,1.0
28.0,24.0,23.0,20.0,17.0,12.0,36.0,2.5991,0.73852,0.023397,0.004069,0.001017,0.001017,0.001017,0.48233,0.090535,1.0
90.0,77.0,64.0,49.0,39.0,24.0,157.89,56.087,29.963,8.3186,2.6989,1.1832,0.64631,0.18034,0.51175,0.11884,1.0
66.0,64.0,59.0,54.0,48.0,38.0,28.776,13.843,3.1519,0.40079,0.060584,0.0,0.0,0.0,0.53495,0.091653,1.0
18.0,18.0,18.0,17.0,15.0,9.0,72.631,25.142,10.054,1.8246,0.26608,0.019519,0.0,0.0,0.55331,0.093488,1.0
55.0,53.0,53.0,50.0,43.0,31.0,40.467,18.446,9.1189,3.0794,0.84026,0.27243,0.007653,0.001531,0.48328,0.11479,0.0
76.0,70.0,69.0,69.0,67.0,59.0,17.353,7.5199,2.5533,1.0115,0.56568,0.0,0.0,0.0,0.55112,0.095305,1.0
17.0,14.0,11.0,10.0,7.0,6.0,82.151,51.167,26.437,7.7401,3.0265,1.1267,0.51089,0.18551,0.56816,0.10393,0.0
16.0,15.0,15.0,15.0,14.0,11.0,110.48,44.961,13.155,1.0972,0.037361,0.006882,0.005899,0.004916,0.54068,0.079638,1.0
89.0,82.0,76.0,72.0,56.0,37.0,54.291,24.805,15.273,6.1527,2.5238,0.87738,0.14283,0.059643,0.51184,0.11301,1.0
12.0,12.0,12.0,11.0,7.0,3.0,168.8,11.933,6.0533,0.11317,0.0,0.0,0.0,0.0,0.51673,0.12847,1.0
15.0,15.0,15.0,14.0,14.0,6.0,92.529,26.623,11.124,2.6688,0.16667,0.037376,0.009091,0.005051,0.53456,0.1,0.0
33.0,33.0,25.0,24.0,18.0,13.0,161.53,15.548,9.4953,6.1767,4.1634,2.8297,1.5143,0.76473,0.51018,0.092295,1.0
3.0,3.0,3.0,3.0,3.0,3.0,69.117,8.0359,1.8962,0.0,0.0,0.0,0.0,0.0,0.5003,0.11533,0.0
44.0,42.0,41.0,40.0,38.0,33.0,13.806,5.8295,1.0861,0.011035,0.0,0.0,0.0,0.0,0.5171,0.10089,0.0
23.0,23.0,22.0,20.0,17.0,14.0,7.9823,3.4478,0.0,0.0,0.0,0.0,0.0,0.0,0.56274,0.11643,1.0
73.0,70.0,61.0,51.0,40.0,24.0,286.34,49.691,27.729,5.6874,1.9872,0.5176,0.05443,0.007189,0.53045,0.11913,1.0
70.0,64.0,61.0,54.0,51.0,34.0,29.074,9.4814,4.4877,1.1962,0.17219,0.051811,0.006095,0.001524,0.48902,0.091431,1.0
8.0,8.0,8.0,6.0,6.0,5.0,10.791,5.3037,0.060822,0.001014,0.0,0.0,0.0,0.0,0.51592,0.10745,1.0
17.0,17.0,15.0,13.0,10.0,4.0,18.929,6.0811,1.5728,0.17577,0.007071,0.0,0.0,0.0,0.56814,0.091924,0.0
60.0,59.0,57.0,54.0,48.0,32.0,71.853,35.941,8.9671,1.0196,0.056139,0.0,0.0,0.0,0.4831,0.098623,0.0
36.0,35.0,32.0,29.0,27.0,21.0,3.2038,0.024433,0.001527,0.0,0.0,0.0,0.0,0.0,0.54585,0.10231,1.0
15.0,15.0,14.0,13.0,11.0,7.0,54.572,26.503,4.8136,0.43657,0.001035,0.0,0.0,0.0,0.54757,0.10966,0.0
73.0,71.0,71.0,70.0,70.0,65.0,44.344,29.425,6.6249,0.81159,0.056873,0.0,0.0,0.0,0.53477,0.079929,0.0
44.0,42.0,41.0,40.0,38.0,33.0,13.806,5.8295,1.0861,0.011035,0.0,0.0,0.0,0.0,0.5171,0.10089,0.0
43.0,43.0,43.0,42.0,35.0,27.0,18.78,8.4668,1.4419,0.11375,0.0,0.0,0.0,0.0,0.55141,0.10299,0.0
20.0,20.0,19.0,18.0,17.0,13.0,260.62,23.271,12.245,2.9315,0.5793,0.073056,0.01029,0.002058,0.50794,0.10187,1.0
20.0,18.0,16.0,15.0,13.0,9.0,65.114,33.125,8.7854,0.67354,0.051811,0.002933,0.000978,0.000978,0.56946,0.089936,0.0
43.0,43.0,42.0,40.0,37.0,30.0,11.867,2.8053,0.63162,0.0,0.0,0.0,0.0,0.0,0.53157,0.12016,0.0
33.0,33.0,32.0,30.0,26.0,17.0,3.8894,0.9284,0.073505,0.0,0.0,0.0,0.0,0.0,0.50881,0.11185,1.0
18.0,18.0,18.0,17.0,16.0,10.0,5.2991,1.6037,0.19857,0.0,0.0,0.0,0.0,0.0,0.52749,0.11823,0.0
5.0,4.0,4.0,4.0,3.0,3.0,81.526,21.645,9.3264,1.3306,0.24026,0.014253,0.0,0.0,0.48556,0.10282,1.0
51.0,51.0,50.0,46.0,42.0,32.0,23.231,12.034,4.7016,2.0355,0.24884,0.10046,0.0,0.0,0.55896,0.10355,0.0
83.0,82.0,82.0,80.0,78.0,58.0,25.552,4.1032,1.7336,0.35899,0.006298,0.0,0.0,0.0,0.53601,0.089748,0.0
43.0,40.0,40.0,38.0,36.0,23.0,18.125,8.7235,0.28006,0.027851,0.007736,0.003095,0.001547,0.0,0.5211,0.12533,1.0
21.0,21.0,21.0,19.0,17.0,14.0,13.643,8.1242,0.15201,0.01689,0.0,0.0,0.0,0.0,0.52684,0.092129,0.0
107.0,98.0,77.0,63.0,47.0,28.0,199.43,44.821,25.535,7.709,0.24247,0.011447,0.003122,0.002081,0.49131,0.1384,1.0
41.0,41.0,41.0,40.0,36.0,25.0,64.173,34.181,7.1073,0.47085,0.049079,0.0,0.0,0.0,0.51323,0.11656,1.0
62.0,59.0,55.0,51.0,41.0,26.0,32.35,11.285,3.5645,1.3465,0.11682,0.039965,0.001537,0.001537,0.52927,0.12912,1.0
41.0,40.0,40.0,36.0,33.0,24.0,26.246,10.303,2.0661,0.1043,0.007669,0.0,0.0,0.0,0.51221,0.12424,0.0
62.0,59.0,55.0,51.0,41.0,26.0,32.35,11.285,3.5645,1.3465,0.11682,0.039965,0.001537,0.001537,0.52927,0.12912,1.0
52.0,52.0,49.0,45.0,39.0,24.0,33.363,14.745,4.2409,0.96006,0.14299,0.1147,0.078564,0.0,0.52953,0.11942,1.0
17.0,16.0,15.0,15.0,14.0,6.0,98.16,50.047,27.976,3.5176,0.030811,0.0,0.0,0.0,0.49797,0.13146,0.0
46.0,46.0,44.0,39.0,34.0,21.0,21.317,7.3655,3.6232,0.76431,0.51564,0.4592,0.38292,0.3341,0.55771,0.085432,1.0
13.0,13.0,11.0,10.0,7.0,6.0,114.98,49.333,14.222,0.46878,0.006865,0.003923,0.003923,0.003923,0.57981,0.082379,0.0
54.0,54.0,54.0,50.0,49.0,42.0,27.58,15.706,4.6128,0.21802,0.0,0.0,0.0,0.0,0.50933,0.093439,0.0
48.0,48.0,48.0,45.0,42.0,36.0,15.65,5.6704,2.5133,0.10189,0.0,0.0,0.0,0.0,0.50516,0.087997,0.0
23.0,23.0,22.0,20.0,17.0,14.0,7.9823,3.4478,0.0,0.0,0.0,0.0,0.0,0.0,0.56274,0.11643,1.0
45.0,42.0,38.0,34.0,26.0,15.0,96.78,42.764,10.71,0.52031,0.01152,0.0048,0.00288,0.00288,0.54022,0.090238,1.0
47.0,47.0,47.0,47.0,43.0,24.0,37.987,21.087,4.3943,0.39224,0.068948,0.0,0.0,0.0,0.55089,0.11491,0.0
105.0,97.0,88.0,77.0,66.0,43.0,20.8,5.0166,1.3634,0.21698,0.009233,0.001539,0.001539,0.001539,0.55542,0.11234,1.0
53.0,53.0,50.0,43.0,41.0,30.0,44.194,27.205,4.6375,1.2608,0.17813,0.004647,0.0,0.0,0.53424,0.13011,0.0
52.0,48.0,42.0,28.0,20.0,13.0,66.675,24.554,5.3546,2.2964,1.3435,0.80058,0.46317,0.22801,0.51911,0.09611,1.0
89.0,86.0,79.0,69.0,59.0,37.0,12.236,6.122,1.2083,0.74811,0.54242,0.0,0.0,0.0,0.53374,0.10361,1.0
69.0,65.0,63.0,56.0,51.0,39.0,30.936,13.609,4.4437,0.72015,0.042994,0.006142,0.0,0.0,0.56363,0.10288,1.0
52.0,50.0,50.0,50.0,49.0,46.0,8.206,3.375,0.72723,0.039098,0.0,0.0,0.0,0.0,0.54199,0.08758,1.0
58.0,57.0,56.0,56.0,54.0,43.0,52.804,31.474,5.6614,0.31165,0.017227,0.0,0.0,0.0,0.49127,0.076738,1.0
16.0,15.0,13.0,12.0,11.0,8.0,174.87,48.023,26.634,4.1736,0.007006,0.004003,0.004003,0.004003,0.55116,0.099084,1.0
21.0,20.0,20.0,19.0,15.0,12.0,77.683,46.599,13.869,1.3206,0.061352,0.0,0.0,0.0,0.52003,0.12894,1.0
36.0,36.0,35.0,33.0,31.0,21.0,11.102,5.6932,0.31595,0.0,0.0,0.0,0.0,0.0,0.51972,0.11089,1.0
50.0,49.0,49.0,47.0,44.0,35.0,53.988,31.847,14.046,1.8696,0.066168,0.003078,0.0,0.0,0.4878,0.12464,0.0
126.0,114.0,98.0,75.0,62.0,40.0,22.748,11.103,3.4323,1.6429,0.79651,0.59231,0.4832,0.32421,0.5372,0.14964,1.0
38.0,36.0,32.0,19.0,13.0,8.0,159.9,86.301,26.082,2.431,0.072704,0.0,0.0,0.0,0.53152,0.14439,1.0
6.0,6.0,6.0,6.0,2.0,1.0,20.68,9.4978,1.2237,0.15038,0.0,0.0,0.0,0.0,0.57632,0.071071,0.0
46.0,46.0,44.0,39.0,34.0,21.0,21.317,7.3655,3.6232,0.76431,0.51564,0.4592,0.38292,0.3341,0.55771,0.085432,1.0
29.0,28.0,27.0,27.0,25.0,21.0,6.9571,2.2448,0.099804,0.018425,0.0,0.0,0.0,0.0,0.55927,0.092127,0.0
13.0,12.0,11.0,10.0,9.0,6.0,175.63,10.237,3.9396,0.44793,0.023468,0.007142,0.002041,0.002041,0.5088,0.10101,1.0
45.0,45.0,45.0,43.0,37.0,24.0,35.174,15.421,5.2062,1.4919,0.37143,0.017095,0.0,0.0,0.54336,0.11811,0.0
8.0,8.0,6.0,5.0,4.0,3.0,5.1952,1.4778,0.079204,0.0,0.0,0.0,0.0,0.0,0.53972,0.11047,1.0
57.0,56.0,53.0,48.0,41.0,24.0,38.89,14.429,4.9188,0.94948,0.049404,0.0,0.0,0.0,0.50399,0.09572,0.0
105.0,95.0,81.0,66.0,46.0,32.0,123.05,70.571,37.41,19.937,14.787,6.1149,2.3457,1.0022,0.52446,0.13425,1.0
39.0,39.0,38.0,38.0,34.0,24.0,15.055,7.935,0.9135,0.22953,0.00154,0.0,0.0,0.0,0.51596,0.1294,0.0
28.0,28.0,28.0,25.0,22.0,21.0,6.042,2.0115,0.071458,0.0,0.0,0.0,0.0,0.0,0.55243,0.13531,0.0
68.0,63.0,63.0,62.0,59.0,43.0,13.976,4.695,0.66531,0.1545,0.044144,0.00473,0.001577,0.0,0.52999,0.11509,1.0
52.0,51.0,51.0,50.0,48.0,34.0,22.952,10.029,4.4235,0.51314,0.054096,0.023184,0.0,0.0,0.49706,0.10046,0.0
33.0,33.0,31.0,31.0,26.0,21.0,111.42,49.532,17.261,1.9645,0.041132,0.003917,0.003917,0.003917,0.54914,0.094995,0.0
16.0,16.0,16.0,13.0,10.0,8.0,45.546,22.493,4.829,1.6722,0.43302,0.26387,0.029964,0.010632,0.51083,0.12372,1.0
10.0,10.0,10.0,9.0,7.0,4.0,280.32,28.26,14.662,0.40007,0.004135,0.0,0.0,0.0,0.48954,0.12819,0.0
100.0,81.0,60.0,45.0,32.0,18.0,71.199,24.959,4.3675,0.85906,0.10932,0.024751,0.012375,0.010313,0.52058,0.1021,1.0
13.0,13.0,13.0,12.0,9.0,5.0,126.94,55.081,25.018,4.2055,0.71116,0.079928,0.006148,0.0,0.49317,0.1117,0.0
22.0,22.0,21.0,18.0,13.0,10.0,44.249,19.37,3.594,0.12991,0.035702,0.000992,0.000992,0.000992,0.5032,0.091237,0.0
9.0,9.0,9.0,9.0,9.0,6.0,109.59,71.294,18.157,0.80678,0.020767,0.0,0.0,0.0,0.58522,0.089296,0.0
17.0,17.0,17.0,17.0,14.0,11.0,97.71,45.025,11.537,0.60387,0.003822,0.003822,0.003822,0.001911,0.49003,0.11466,0.0
44.0,43.0,43.0,43.0,39.0,30.0,15.701,8.7895,1.3647,0.17001,0.0,0.0,0.0,0.0,0.48596,0.092733,0.0
1.0,1.0,1.0,1.0,1.0,1.0,69.711,26.152,3.5337,0.46782,0.19423,0.15977,0.005221,0.005221,0.49002,0.1368,0.0
13.0,13.0,12.0,12.0,11.0,7.0,101.65,42.923,19.415,3.2448,0.4567,0.12713,0.012713,0.003912,0.52073,0.089971,0.0
51.0,51.0,48.0,45.0,42.0,31.0,53.791,29.426,15.347,3.4809,0.69681,0.15485,0.0,0.0,0.58332,0.10271,0.0
48.0,46.0,45.0,44.0,40.0,34.0,118.28,72.204,31.32,8.6081,1.7858,0.46987,0.003071,0.0,0.53079,0.098273,0.0
105.0,95.0,81.0,66.0,46.0,32.0,123.05,70.571,37.41,19.937,14.787,6.1149,2.3457,1.0022,0.52446,0.13425,1.0
61.0,59.0,58.0,56.0,53.0,42.0,52.857,26.705,6.1165,0.33895,0.0,0.0,0.0,0.0,0.48307,0.092023,0.0
24.0,22.0,19.0,17.0,15.0,8.0,198.53,37.608,16.581,1.6623,0.12098,0.026434,0.0,0.0,0.48729,0.095567,1.0
39.0,39.0,37.0,35.0,28.0,18.0,315.23,162.7,106.07,33.298,0.017591,0.003909,0.003909,0.003909,0.46898,0.07916,0.0
20.0,20.0,19.0,19.0,17.0,12.0,106.96,27.022,15.326,4.8753,0.55845,0.11148,0.048516,0.037161,0.52302,0.097032,0.0
49.0,49.0,49.0,46.0,33.0,24.0,110.51,36.712,11.784,2.1223,0.41648,0.044002,0.0,0.0,0.49997,0.09312,1.0
19.0,19.0,18.0,16.0,14.0,8.0,67.001,13.784,5.3185,1.2998,0.18568,0.025092,0.0,0.0,0.55449,0.10137,1.0
35.0,35.0,34.0,30.0,27.0,21.0,20.224,10.672,0.93714,0.083337,0.0,0.0,0.0,0.0,0.52851,0.10063,1.0
19.0,18.0,18.0,15.0,13.0,10.0,74.205,43.478,8.7828,0.27122,0.003847,0.003847,0.003847,0.003847,0.54529,0.090406,1.0
11.0,11.0,11.0,11.0,11.0,9.0,62.554,22.909,11.263,1.8178,0.14389,0.001035,0.0,0.0,0.57159,0.08385,0.0
57.0,57.0,55.0,50.0,42.0,31.0,53.437,30.788,16.436,6.68,2.0587,0.58732,0.075733,0.023184,0.5195,0.1051,0.0
46.0,45.0,44.0,43.0,39.0,33.0,32.787,13.398,4.9219,1.0691,0.016946,0.004622,0.001541,0.001541,0.51665,0.11092,0.0
